1,9129039.550508868
2,8939506.769270584
3,8702746.45361925
4,8804103.086909054
5,8685240.634433288
6,9195668.260226991
7,9172723.36339567
8,9431320.419897085
9,9188429.215998575
10,8748622.195556017
11,8627056.363808224
12,8668329.91371966
13,9008460.95681438
14,8694615.556306161
15,9213392.59544866
16,8513695.15637654
17,9597243.786147142
18,9271074.945022095
19,8972833.311335023
20,8933123.424700512
21,9133730.009437969
22,9243690.88125823
23,9154617.945730668
24,9027710.167707084
25,9069775.05748565
26,9445744.923862102
27,8809164.349573517
28,9120017.806283396
29,9191078.053940881
30,9006961.060873758
31,9364238.899300778
32,8680785.035106797
33,8660004.235697335
34,9791463.200459154
35,9696321.169371547
36,8686960.922570793
37,8946511.017341705
38,8899066.438884908
39,9444831.94009088
40,8370390.403211106
41,8680540.861359574
42,9394263.545662828
43,9417490.871663311
44,8780746.955672927
45,9280250.888560439
46,8755599.788563665
47,8635848.068067048
48,9572359.74899058
49,9253118.904100856
50,9137790.258674853
51,9068490.32398871
52,9398675.181036383
53,8603450.596323809
54,8741588.317044206
55,8973238.261533458
56,8734147.422054607
57,9124013.786554242
58,9259496.875339078
59,8855694.749169132
60,9257012.458592422
61,9354261.499220954
62,9138740.934011467
63,9719210.462993672
64,9025002.866961803
65,9023937.143450769
66,8296816.407303083
67,8846723.028168663
68,9862820.866109509
69,9056690.35134539
70,8943939.644430455
71,8932840.164827669
72,9170037.406659834
73,8927540.944410458
74,9368651.091803927
75,8955838.404974643
76,9350384.244803367
77,8773590.98990987
78,8922711.735790716
79,8845573.88232391
80,8595899.94677144
81,9375516.542422442
82,9260791.78053229
83,8894154.45425748
84,8900617.045941725
85,8952783.515587779
86,8386385.592840092
87,8480145.220327884
88,8545031.451975478
89,8476335.47895763
90,9336399.863103794
91,8982394.439617723
92,9320068.443355111
93,8919764.254665447
94,9386446.735625042
95,9051086.06803714
96,8214210.0
97,9275696.105166307
98,9451058.312023692
99,8345506.650842896
100,8795271.905022506
101,8526584.638157489
102,8516713.996122323
103,8857310.52636759
104,9911506.152068928
105,8399583.725636646
106,9750858.385650365
107,9339603.574439777
108,8944559.49064644
109,8878952.273480024
110,10278440.615469558
111,8994935.649975985
112,9284382.150426503
113,8608953.321995847
114,9372623.404335245
115,9110603.258750828
116,9951477.579104772
117,9492961.19658682
118,9150329.501781395
119,9074671.606467862
120,8103267.497585502
121,8844083.80317568
122,8810501.803581372
123,9288843.430558173
124,9421681.044214845
125,8428363.582828425
126,9169383.771801429
127,8913766.091892133
128,9445937.987824842
129,9088127.505680991
130,8889291.264506442
131,9139621.382728128
132,9375462.756463945
133,8533678.4615085
134,9076165.650611693
135,8211137.52201396
136,8643516.344069012
137,8576684.415658431
138,8661810.271928698
139,8801157.658047719
140,9846257.965615772
141,9053125.230587393
142,9400516.434548471
143,8380273.9621416135
144,9794092.447660984
145,8764165.609296633
146,9309996.623513345
147,8673451.643146392
148,8454496.69398598
149,9306050.96467283
150,9560579.862689888
151,8749252.650377356
152,8247231.043028574
153,9351193.260319045
154,9181744.482601523
155,9182769.447126942
156,9171578.662675705
157,8740185.75365108
158,9078833.090048667
159,9140979.8616618
160,8591209.335495502
161,8976973.99925144
162,8773977.707300719
163,8518896.344166495
164,9227803.147173878
165,9335500.568461817
166,8582086.879851935
167,9424045.293286622
168,9324446.993845355
169,9046182.511301234
170,8497479.237305114
171,8720971.275339827
172,9310572.763632722
173,9042772.058871612
174,8460564.857108591
175,8771965.539915945
176,9173249.87793225
177,9650765.70309835
178,8733495.001199909
179,9903540.614547716
180,8903051.021584148
181,8962193.721908884
182,8772817.195688173
183,9171156.279757222
184,9464371.613129552
185,9266323.15309819
186,8720255.398931926
187,8441072.691699624
188,8707704.823043771
189,8402759.923693052
190,9286508.390557623
191,9025117.388831818
192,9299326.812631955
193,8968995.45459465
194,8918716.902131978
195,9090916.219822725
196,8868854.324384648
197,8574222.124530403
198,9084408.244091552
199,9160075.7138931
200,9526294.954148142
201,8698366.816684008
202,8546505.046715405
203,9540781.328725627
204,8454835.232703341
205,8865241.666764
206,8442312.440690573
207,8635003.239305
208,9539685.051566638
209,8874917.41861694
210,8618077.616925834
211,8823098.62555452
212,9401185.03683499
213,9578536.927551495
214,8934000.608660668
215,8405408.916728677
216,9032591.19251439
217,9123214.475661764
218,9020709.148006525
219,9353899.922538582
220,9151315.113070164
221,8789763.171287013
222,9303134.367165985
223,9150426.333680358
224,9075718.696550697
225,9444622.072391676
226,8996054.256065201
227,8663102.67984724
228,8728890.924169222
229,8258810.122551899
230,9034454.175287625
231,8840001.454450333
232,9185977.840729866
233,9312564.268982455
234,9303055.874467352
235,8888803.213207593
236,9617524.174916895
237,8639568.99076033
238,9151875.44771058
239,9844091.230363796
240,8611859.413914504
241,8380219.444678537
242,8419346.590728294
243,8666974.702179775
244,8713301.463936806
245,8989233.09782673
246,8921714.478184793
247,9394020.723905412
248,8636861.365595827
249,9402777.823771995
250,9640060.829413578
251,8236032.917420813
252,8285073.749900361
253,9184932.173888845
254,8939995.132520104
255,8634467.267766858
256,9153587.035442969
257,8891075.52858527
258,8755925.394673735
259,8732264.176062314
260,8812545.952752074
261,9195780.060906377
262,9193536.749220671
263,9078615.01529359
264,9442813.162388753
265,9654198.327573476
266,8952229.873471204
267,9578639.81394326
268,8938962.155015245
269,9115433.226844037
270,8451941.625705708
271,9016221.070887484
272,8889042.0
273,9497895.232954888
274,8690138.47194561
275,9494909.76683684
276,8992006.464400966
277,9500210.937549029
278,9182711.266318433
279,9124422.8943339
280,8494328.209141452
281,8854567.966944197
282,9353697.564040866
283,9055365.738267547
284,8549377.142180044
285,8740478.222046968
286,8838677.904547222
287,8783435.577958215
288,8879270.786522893
289,8883360.406075459
290,9045890.764475353
291,9230422.939307332
292,8917608.478735546
293,9059608.246533178
294,8699874.04111275
295,9491348.123573853
296,9370542.623374151
297,9355411.965846814
298,8523619.564696668
299,9158885.502552142
300,8813658.552169872
301,9309634.511200937
302,8740061.039868724
303,8861245.186071623
304,9034321.06559107
305,8955954.046510624
306,8440822.470884204
307,8695614.6384261
308,8723098.31485754
309,8762433.371867599
310,8623178.823592901
311,9046506.50045926
312,8269875.234134791
313,9800056.692324283
314,9005982.854686711
315,8381913.114486804
316,9061824.369710566
317,8984483.650951518
318,9164154.680440275
319,8523734.201886144
320,8868246.352492413
321,8517212.970721023
322,8969734.09024253
323,9291311.316488234
324,8709329.453169435
325,8660727.512105538
326,8554293.783411538
327,8904278.935148556
328,9397003.249536518
329,9312944.40052727
330,8808134.844344037
331,9493441.042682912
332,8902885.01006208
333,8564129.066226097
334,8694319.69733475
335,9682792.732939543
336,8751621.542913768
337,8704591.605853716
338,8766236.095733685
339,9125044.112208094
340,8828953.129074814
341,8920852.095315544
342,9375595.959929394
343,8868737.79110509
344,8788734.096948627
345,9079404.370853897
346,8835537.923690107
347,8908518.667108664
348,8520014.58999966
349,8471756.61632235
350,9563779.345696613
351,9644145.153360192
352,9391464.715940896
353,9191018.38791846
354,8941058.634462968
355,9247157.329064928
356,8819915.659219755
357,9173174.008376705
358,8649905.567210965
359,9129637.608126255
360,9187819.498481786
361,10109918.499750001
362,8929749.69747385
363,9824295.153835382
364,8830649.63752448
365,9167375.740246838
366,8977586.351091662
367,8504011.11495665
368,8852415.777295753
369,8485197.797973923
370,8982532.05526893
371,8828195.262278207
372,8936928.581136534
373,9013740.099868335
374,8962654.1886322
375,9217910.603303537
376,8316633.831053196
377,8720407.58415601
378,9262716.698008591
379,8744218.35252477
380,9237667.424273599
381,9550054.307103096
382,9707792.619897239
383,9224291.776503861
384,9685234.369253062
385,9211011.416530894
386,8634379.169577247
387,9321082.518945364
388,9108148.213091437
389,8608996.592942089
390,8972174.782760477
391,8983562.871334983
392,9055726.569488646
393,9840296.79128114
394,8616560.178239511
395,9538405.342722787
396,8732736.573340548
397,9181088.442595912
398,9309183.891086472
399,8514005.956420451
400,8767200.0
401,9077582.733291224
402,9017634.318115553
403,9337859.940617573
404,9130203.678932715
405,8937131.4183743
406,8939739.809837814
407,8701546.524287747
408,9158175.529533235
409,8864113.850266444
410,9116681.431164917
411,8755408.449708745
412,9222557.002635896
413,8180201.460574473
414,9150676.548816754
415,8982290.842953485
416,9273662.231428703
417,8415688.5354431
418,9035001.799632141
419,9103354.599325474
420,8467196.676753793
421,8833568.216205351
422,9131287.77631331
423,8879730.449646687
424,9178771.718176091
425,9210801.480575537
426,8888757.73209174
427,9010507.351699652
428,8946216.919866651
429,9286688.699154608
430,9316936.491625287
431,9188084.409714002
432,8722410.564748226
433,8813843.94784565
434,8447013.751528168
435,8888616.288192846
436,8497347.876587953
437,9402195.503320064
438,8361232.963846013
439,8550318.120294765
440,9850898.446133887
441,8506976.796727229
442,9148655.926370071
443,8997591.809613751
444,8580684.018255249
445,9445189.265762366
446,8981241.49381102
447,9712405.594709644
448,9310160.513866851
449,9024502.674774589
450,8704152.143879207
451,9560119.836451434
452,9042719.842802484
453,9030656.104695758
454,9268020.88602347
455,9255101.82029197
456,10329410.15513269
457,8687901.559084415
458,10207062.16725227
459,8946296.254874093
460,8646694.814540414
461,9431952.54445061
462,9146374.630775034
463,9477248.454108793
464,8780105.244841719
465,9048552.077123187
466,8641663.289596863
467,8737219.351449275
468,9718351.441934356
469,8564257.375641076
470,8206932.184287516
471,9181783.32562587
472,8826492.911519263
473,8824263.251024539
474,8710920.46103127
475,8683089.04444556
476,9670262.725915423
477,9256353.244187731
478,9728104.64824206
479,9305873.677261384
480,8612478.205247056
481,9022759.657035513
482,9440051.623966008
483,9271494.681301545
484,8875352.061983783
485,9094816.462682191
486,9425731.205704013
487,8878952.022204123
488,9150426.455404604
489,9216166.314535102
490,8598599.867321713
491,9383810.94134603
492,9247395.429334005
493,9319529.39382217
494,9414173.326323649
495,9247042.44663005
496,8931990.72320176
497,8406841.089095615
498,8762569.28488545
499,8438784.033049671
500,9183852.310267441
501,8753506.659854801
502,8867302.014664816
503,9357402.206876274
504,9122823.847293973
505,8867418.934688618
506,8740880.506533982
507,9665173.05987603
508,8533954.11499975
509,9372556.40545223
510,8855208.445510343
511,8907364.488616256
512,8728378.190969199
513,9126215.68998691
514,8859887.7678732
515,8966506.4729416
516,9128036.675997887
517,9895504.17943891
518,8921214.46548116
519,8561304.157489974
520,9388645.966638893
521,9131485.74155009
522,8634465.0
523,8791092.300439589
524,9490113.13879225
525,9009270.084208028
526,8424917.787498891
527,8849907.10747983
528,9601320.024944583
529,8546054.69337799
530,9092276.722338922
531,8530249.778758608
532,9234943.767759232
533,9327506.588998895
534,8856662.044965051
535,8868131.206174344
536,9216370.692087185
537,8500597.996983357
538,8907158.071622439
539,9147163.59283682
540,8851860.23302342
541,8743765.64644292
542,8634970.10659183
543,8772528.441400576
544,8367196.982362317
545,8989423.72240505
546,8514577.717332574
547,9078179.834213186
548,9204614.577446442
549,8926836.89673533
550,9498481.113704674
551,9087993.618210299
552,9112095.931960236
553,8970468.607179623
554,9340735.919070115
555,9241265.153222458
556,9026647.446830617
557,9222988.128181363
558,8503082.406723626
559,8472276.529157607
560,9042319.165700965
561,9086634.964028085
562,9095480.941487579
563,9346883.201243635
564,8623178.800772183
565,8706038.198956221
566,9408194.774141934
567,9399805.188796178
568,9120640.23936819
569,8742146.088041672
570,8914190.326791065
571,8651999.147772726
572,9285931.02461972
573,8934669.540904649
574,8735512.36982718
575,9021979.143975401
576,8695111.385300793
577,8700636.551127326
578,8431154.290800866
579,9557111.820276633
580,9391513.552881593
581,9145705.821935691
582,9350794.941544477
583,8967141.31941149
584,8551850.942350194
585,8041821.972812968
586,9399056.884106953
587,9142978.025148422
588,8535639.062180644
589,9374759.554424355
590,8880688.58958646
591,9528564.99434952
592,9556463.631716298
593,8535946.597707469
594,8737586.107417414
595,9055824.977758706
596,9013713.128352031
597,9152939.507496007
598,9255055.247120975
599,8715519.920569504
600,9124946.990320776
601,9714568.544770697
602,9434342.0486571
603,9261754.716327973
604,9455731.782609018
605,9093918.747746453
606,9128200.660255875
607,8527802.728105076
608,8712745.496041194
609,8938188.890164675
610,9928429.030553607
611,8463153.09184661
612,8983247.073894968
613,8822030.728872921
614,8615801.719621617
615,8913632.8962166
616,9244472.312101299
617,9362155.96818431
618,8256842.077400802
619,8574823.170140306
620,9162063.018406747
621,8676755.50222216
622,8887620.877392136
623,8876190.433979359
624,9411268.516312473
625,8807734.022460554
626,9806115.537440157
627,8995625.363333808
628,9096790.074163936
629,9498580.223363472
630,8141284.934028233
631,9054528.547709342
632,8641739.99230313
633,9600960.931084935
634,8844914.81764561
635,10003434.0
636,8324835.925406437
637,9254346.012534965
638,9238771.852412678
639,9224004.923964657
640,9204042.36133609
641,8856689.89845575
642,9614724.923557209
643,9758826.017396485
644,8603649.603341745
645,9211744.609580943
646,8730541.475134073
647,8724969.151069444
648,8680098.777383631
649,9481321.55447083
650,9088147.118203783
651,8321038.690744608
652,9078141.705453435
653,8515602.99775354
654,9371982.581264786
655,9309770.162499692
656,8386000.826430695
657,9176882.315318292
658,8831446.81522201
659,8781667.809646798
660,8952024.858517224
661,8573186.397318214
662,9703595.051990269
663,8602323.609538713
664,8975745.78398865
665,9524182.749175906
666,8424907.389674038
667,8769555.582034554
668,9209454.07898158
669,9781133.266496692
670,9095509.000627734
671,8492510.059021845
672,8829669.820796039
673,8607145.170418087
674,9024626.000801446
675,9528711.967688343
676,9701750.665222995
677,8635094.500707174
678,9064661.582858471
679,9659883.223557994
680,9018356.261203421
681,9335812.952717097
682,8944115.16267769
683,9080752.169553762
684,8771645.022593018
685,8832946.238089314
686,8933977.65314229
687,8848988.968738453
688,8974498.131754803
689,10247138.128064804
690,8029485.0
691,9544234.811895428
692,8984392.503775997
693,8773186.15648664
694,9303760.750459429
695,9459000.36019474
696,8743871.259655213
697,8397730.517510774
698,9593488.260822535
699,9318063.443004373
700,9338661.133525997
701,8500511.469142087
702,9102132.164854875
703,8646877.833389685
704,8560818.292516094
705,8915110.41381392
706,8918121.478884231
707,9062129.182521598
708,9023175.42189563
709,8478030.893611373
710,9863705.262781145
711,9247200.270386068
712,9098524.67928233
713,9354581.497684171
714,9063110.708352817
715,9638143.739361256
716,8999222.025252465
717,9107606.179930381
718,8722266.734480025
719,8938882.750761187
720,9213409.767441561
721,9369777.742833717
722,8239141.699487783
723,8955584.665086655
724,8357448.19263006
725,8466329.487068614
726,8709403.737658532
727,8661992.237701641
728,8952187.904848453
729,9076801.38479928
730,9719098.26840286
731,8689267.897971652
732,9292990.067936152
733,9080809.371047493
734,8724841.029757092
735,8732085.13760795
736,8934002.10743117
737,8831249.356214091
738,8633477.967154983
739,9148179.818129158
740,9532550.290994305
741,9190955.933996681
742,8939229.912718438
743,8826411.289216
744,9009845.58440921
745,8678264.98697485
746,8754925.706026334
747,8853448.908616602
748,8716202.03935669
749,8780171.978451854
750,9652438.928013295
751,9225288.523535777
752,8962668.493446985
753,9638925.237347292
754,9274064.105289042
755,9362169.35182257
756,9302075.432281611
757,9004827.382366544
758,8912495.632300403
759,8411705.11023144
760,9416366.4152779
761,9459417.732020987
762,9059943.375907894
763,8668454.710815389
764,9098198.950886797
765,9594852.627296457
766,8408196.831748787
767,8951867.882929357
768,8773499.626521055
769,8757667.718021728
770,8983102.576496143
771,9561315.034363324
772,9456480.728893101
773,8994256.342500769
774,8963776.926983623
775,9480765.318409296
776,8356147.510097524
777,8917724.263517814
778,8904807.82088707
779,8895737.525219612
780,10070753.664384665
781,8831172.368214348
782,8476248.762697369
783,9151952.045140259
784,8627317.671451984
785,9109975.264903933
786,8754047.579625763
787,9330417.791333444
788,9231364.827685874
789,9316215.003740849
790,8823915.37320485
791,9188342.304711381
792,8183865.066952706
793,9641673.269386588
794,8899644.455613315
795,8972943.803386517
796,8960203.780080492
797,9107260.938942349
798,9620705.11425086
799,9127996.227148503
800,9063371.639098631
801,8408515.08472626
802,9008106.8459824
803,8929549.79670811
804,9124133.041484764
805,9297099.984573599
806,8918934.206791729
807,8640305.53255772
808,8857386.684387622
809,9501144.31869944
810,9109617.7176435
811,9458765.118739221
812,9028370.971885031
813,8899196.000854872
814,9519547.440629177
815,9257865.475831617
816,8763425.674650606
817,8837796.855221692
818,9431327.305386698
819,8689334.537360178
820,8901864.004542569
821,9320040.971182507
822,8395332.483581701
823,8784718.7947572
824,9466909.461448172
825,9018722.873123571
826,9120566.209963504
827,8984306.873341983
828,9366121.77006782
829,8655701.684618888
830,9822025.250922415
831,9304251.112731911
832,9094985.741126645
833,8829262.248124762
834,8762444.543882368
835,9147543.925362227
836,8546307.960368238
837,9658329.573489137
838,8741057.21388127
839,8773500.399879435
840,9434680.580368625
841,9111938.955871178
842,9195765.097510755
843,8964741.585053373
844,9188623.1510372
845,8870100.396779874
846,9543364.98767385
847,8920824.651596142
848,8595162.57317272
849,8887109.267478678
850,9185555.357091408
851,9379641.415268384
852,8337875.80453972
853,8722377.678970968
854,9463189.46640855
855,9273255.64926718
856,8493687.275298797
857,8652131.599298414
858,8719013.372836178
859,9326400.314412512
860,9130044.856916232
861,8470806.442866124
862,9305277.253040256
863,8689323.111734904
864,9103506.367423257
865,9549446.039787775
866,9393272.158592716
867,9248947.065830206
868,8539473.607946794
869,9965610.170433842
870,9571104.690029941
871,8736413.443426069
872,9062095.58493309
873,8757099.766118953
874,8039270.364581539
875,9377007.54074634
876,8817514.175129289
877,9414657.224518316
878,8430190.830042044
879,8473877.993361533
880,8402183.591080302
881,9390700.434459852
882,8617654.105598314
883,8390738.719279245
884,9101100.137401119
885,9395660.635802457
886,10722177.127610851
887,9768738.145200012
888,9915691.614954256
889,8479230.345068764
890,9177936.035441095
891,9081629.024896633
892,9246594.616831569
893,9287645.650313776
894,9370310.156949475
895,9407417.492820647
896,9259793.829867182
897,8707853.273114584
898,9731191.676951485
899,8922401.109855356
900,9080385.988427367
901,9126463.271455536
902,8970717.246077903
903,9015448.185593188
904,9233141.891396368
905,9670491.223497022
906,9437258.689712007
907,9478248.198195025
908,9581309.550929302
909,8768251.800489182
910,8997352.569351144
911,9388428.652941808
912,8766168.816551404
913,8591836.879723672
914,8933630.654441264
915,8494167.397403028
916,8645471.864996303
917,9359331.508020973
918,9242256.543912534
919,9026377.684230281
920,8972832.508903598
921,8983201.319675375
922,8644805.894472098
923,8501542.72949256
924,8683708.157684913
925,8674452.409999888
926,9465476.512319429
927,8813380.202904362
928,8868702.438002361
929,9050225.409973094
930,9040390.059236133
931,8680746.943055548
932,9211716.914536024
933,8780980.623207796
934,9102657.20126492
935,8768218.659469597
936,8411168.420486059
937,9365594.496242102
938,8867225.07200294
939,8858354.118612498
940,9429526.404973906
941,8843257.742486618
942,8737112.220318422
943,9685068.149727866
944,9157720.412880925
945,9403092.717531912
946,9968760.002777683
947,9443977.405263165
948,9327639.994063249
949,9702665.689652633
950,8918403.422710024
951,8687313.64343508
952,9004237.613331119
953,9389253.65585195
954,9068002.675486656
955,9206451.343866391
956,9255974.049562277
957,8392385.899490606
958,8909214.24171658
959,8993399.798578827
960,9115491.913381368
961,8902870.087878045
962,8375889.867420506
963,10104584.561520038
964,8711435.505262922
965,9308007.862121567
966,8504539.050524782
967,8968805.460403766
968,9315137.476829814
969,8559709.859979074
970,9197283.321293939
971,8981165.209324181
972,9093927.54326397
973,9652774.44315059
974,8966457.235901535
975,8620599.759009372
976,9060099.955924144
977,9544389.708260156
978,8648551.363243636
979,8820257.694440614
980,8995980.942813866
981,9626406.396777667
982,8801935.697015643
983,9411976.10469918
984,9743661.189751348
985,9185176.530828966
986,8711350.601959366
987,8922198.64748365
988,9722239.377277836
989,9044167.957106695
990,9378467.610266987
991,9180185.640156677
992,9404469.147352304
993,9603473.854615018
994,9040705.441506345
995,8990499.393791279
996,8752617.598183487
997,9141417.68703376
998,8604257.649406975
999,9857867.037550947
1000,8868236.822264344
1001,8650366.35208942
1002,8862368.47972319
1003,8491618.981084
1004,9604058.511176271
1005,8625713.632501293
1006,8721444.515984189
1007,8488001.274304526
1008,9321765.475020029
1009,9609156.986273423
1010,8722694.46965834
1011,10102485.999645319
1012,9519920.442602074
1013,8911989.288803281
1014,8907672.030725842
1015,8888723.518863423
1016,9388001.710773284
1017,9554880.333094247
1018,8475740.905851753
1019,9846234.750716042
1020,8449989.37207976
1021,9170510.211608907
1022,9212626.12722264
1023,9036469.794184603
1024,9390747.213090565
1025,8768235.80235678
1026,9221593.47157936
1027,9303756.52176536
1028,8479565.99464034
1029,8834394.58138584
1030,8884771.454845117
1031,9370301.993542563
1032,9328042.570093881
1033,10282929.046759786
1034,8771067.758986747
1035,8642055.37122944
1036,8819240.131111354
1037,9137319.846836943
1038,9331626.893350502
1039,8980052.634268807
1040,9370508.987264471
1041,9449863.799041353
1042,9164612.313810354
1043,8877262.668719174
1044,9077562.468761511
1045,9631513.041707868
1046,9078480.637712302
1047,8999893.822678234
1048,8848217.775050776
1049,8769318.409255853
1050,9733857.848791672
1051,8681033.852564933
1052,9698164.693402462
1053,10069108.654239235
1054,9932657.65052164
1055,9609502.43980861
1056,9066338.850224793
1057,9177011.530872341
1058,9620052.895928647
1059,9688543.460042283
1060,8878396.609296978
1061,8710404.024499385
1062,9435735.949668849
1063,8818506.609013336
1064,8701805.60931505
1065,8628842.74199967
1066,9597173.272961969
1067,9089723.96237692
1068,9356414.680798953
1069,9118592.661772538
1070,8792422.931030886
1071,9072613.223837629
1072,8725977.928568732
1073,9240714.769026406
1074,9246007.801243585
1075,9219778.036679732
1076,9152584.126693802
1077,9206985.85918708
1078,8956307.437904011
1079,9134743.732326696
1080,9056610.0
1081,8527726.046044247
1082,9192230.337522497
1083,8854083.974689962
1084,8401003.655315729
1085,8484424.550396092
1086,9345241.842172455
1087,8806500.829141743
1088,8828261.657674484
1089,9278158.855577681
1090,8520769.272419736
1091,8938882.927568594
1092,9038124.429565389
1093,9087831.17268457
1094,8705408.286254313
1095,8555109.042178303
1096,8917910.28014053
1097,8839101.929892046
1098,9385845.416239608
1099,9317558.545183372
1100,8760614.1798285
1101,8898507.49225886
1102,9273707.096902976
1103,8980856.172669483
1104,9255764.065393275
1105,8799443.085230213
1106,8780511.231289536
1107,9144656.669883253
1108,9112714.093281876
1109,8699373.073609719
1110,8919388.055449346
1111,9272362.799510892
1112,9199849.540658725
1113,8891471.12316531
1114,9238805.099925132
1115,9063223.518547542
1116,9009327.138882916
1117,8847638.250042869
1118,8788813.85039912
1119,8973602.3585358
1120,8620516.069869988
1121,9139357.39598316
1122,9443682.053763952
1123,8990094.0
1124,8670065.696902242
1125,8864360.629482446
1126,9156540.380839232
1127,8837287.477681462
1128,8836413.595514001
1129,8994893.739505796
1130,9343697.11113853
1131,9386726.605889129
1132,8713520.873614036
1133,9198499.374793103
1134,9117131.405242102
1135,9138053.128143612
1136,8927681.645743866
1137,8690623.032613426
1138,9139257.063271062
1139,9582054.6686426
1140,8906339.752356611
1141,9175721.4275301
1142,8757141.694634125
1143,9257765.626894318
1144,9289762.07482298
1145,8898389.623110494
1146,9776071.481940929
1147,10222153.761792036
1148,8900198.918166585
1149,9159312.585323477
1150,9488157.237602632
1151,8722094.065208437
1152,8955789.001097314
1153,9153230.747054603
1154,9264581.255664717
1155,8356888.203830455
1156,9037480.817922411
1157,9164850.489584213
1158,8940216.298120135
1159,8985438.53137596
1160,9255025.853232345
1161,8533367.329409322
1162,9130143.15117669
1163,9419138.257340828
1164,9014532.530760648
1165,9382345.208636705
1166,9029285.169974983
1167,9162409.8848514
1168,9227755.466603003
1169,8754756.99776173
1170,9053359.228825318
1171,9225470.349975536
1172,8418653.07720881
1173,9296102.307618663
1174,8762888.612072496
1175,8981975.657742886
1176,8519317.913893104
1177,8760334.246594967
1178,8946572.015091723
1179,8721153.866577126
1180,8263218.983401774
1181,8674774.909110246
1182,8591998.791701289
1183,9856831.868370472
1184,9718772.95834587
1185,8905215.878154477
1186,9102975.182067633
1187,9185522.588535877
1188,8564191.81344863
1189,8711017.221985495
1190,9003075.438002892
1191,9029096.509040523
1192,8588895.189953547
1193,9384901.143597312
1194,9408742.46814815
1195,9057784.661000924
1196,9185658.517624535
1197,9109377.299116703
1198,8938766.576281969
1199,9749822.310516536
1200,9411175.838450143
1201,9637776.625533538
1202,8855057.435919972
1203,9407765.90251531
1204,9616484.731620563
1205,8882896.498421893
1206,9376273.353751056
1207,8796302.710743412
1208,8862155.862653024
1209,8633752.55039341
1210,8430472.086232569
1211,9230856.207091544
1212,9119079.142295111
1213,9256858.049440041
1214,9094983.477145452
1215,8788373.598778639
1216,8825838.512602003
1217,9193335.355725808
1218,9608716.232293123
1219,9810117.279465651
1220,8887516.73970673
1221,9389858.378727997
1222,9116008.310133824
1223,9324544.234240405
1224,9389766.617802689
1225,9686867.100664165
1226,8683660.633503597
1227,9368391.115858857
1228,9264745.971626397
1229,9040591.085624322
1230,9349145.036305498
1231,9220907.262517076
1232,9397848.152870141
1233,9567213.468111105
1234,9118841.668806916
1235,9148182.81246757
1236,9827131.347930979
1237,8979073.57012283
1238,9287545.017904166
1239,8504688.814628944
1240,9450402.229494492
1241,8730205.067567796
1242,9119931.206193985
1243,8711697.189827332
1244,8706661.019408133
1245,8565381.818559136
1246,8698481.678280842
1247,9104653.678949986
1248,8824948.320347391
1249,9525389.365047576
1250,9248631.015807915
1251,8579722.319024105
1252,9931756.133113584
1253,9536407.138887001
1254,9379617.256490715
1255,8899519.185980517
1256,8870900.100686004
1257,8917263.419943647
1258,8970547.364759387
1259,9205623.030492343
1260,8634438.748162542
1261,9619434.43099115
1262,8840948.623156749
1263,9111226.264081597
1264,8307978.55628106
1265,9811448.345811717
1266,9561283.93283258
1267,9222444.504892437
1268,8842176.204483015
1269,9268182.037283463
1270,8834652.907087207
1271,9019605.31885978
1272,8479569.319638003
1273,8393706.909085436
1274,9861155.91316098
1275,8993261.811468458
1276,9037871.613063015
1277,8820055.325944783
1278,8662872.499754544
1279,9324749.007116579
1280,9176437.221646814
1281,9081971.902416453
1282,8631533.232741633
1283,8733429.254566746
1284,9053098.186818423
1285,8717946.0
1286,9615734.641278721
1287,9569079.18349555
1288,8739401.091266625
1289,8498201.431552704
1290,8805299.184772642
1291,9152239.241636233
1292,9342887.110440135
1293,8990635.857901998
1294,8933591.352038791
1295,8997666.333301589
1296,8570510.833459072
1297,8379409.525582144
1298,8850141.427846838
1299,8641067.97232296
1300,9737215.464163756
1301,9794294.940613944
1302,9486658.893793335
1303,9040860.80481601
1304,9103411.320721833
1305,9145291.539541807
1306,8606451.877458895
1307,9477051.2595829
1308,8819418.853181679
1309,8479874.094992494
1310,9068542.580063084
1311,9237343.669442369
1312,9345195.950614156
1313,8685071.177241154
1314,9379859.427207662
1315,8300229.954318834
1316,8903864.90294341
1317,8597150.839928223
1318,9237932.553535473
1319,9549252.338148704
1320,8705737.436036482
1321,8693413.488969497
1322,9126492.486765806
1323,8475965.32685016
1324,8766459.847343817
1325,9319833.39149768
1326,9487734.86447658
1327,8762582.651291603
1328,8620724.109477429
1329,8582711.3895202
1330,8540893.818984926
1331,8952220.02016627
1332,8740646.233436033
1333,8589424.43134737
1334,8854317.908998027
1335,9210970.917782743
1336,9694205.513374452
1337,9795204.113881
1338,8957550.759807888
1339,9207578.538901871
1340,8679789.361680077
1341,9032998.768644737
1342,9545643.790096164
1343,10021195.393098855
1344,9454038.712075679
1345,8560780.621790098
1346,9325651.405756036
1347,9663531.07246647
1348,9911591.643164866
1349,9153169.888639487
1350,8834022.330919735
1351,8634794.097926728
1352,8830575.511607964
1353,9715856.086084558
1354,8998286.854536599
1355,9073395.415491771
1356,9495793.604597174
1357,9714996.57482678
1358,8933594.91091825
1359,8406713.026847804
1360,9087066.829859205
1361,8771400.18604522
1362,8967278.145374974
1363,9159963.069506792
1364,8714139.206913508
1365,9657215.85036463
1366,9088750.681887029
1367,8745930.994245686
1368,9571371.231379151
1369,10148314.481970817
1370,8533360.299458025
1371,9923106.142325819
1372,8511137.013592264
1373,9304168.37459546
1374,8805055.356799956
1375,9133520.147018133
1376,9082280.816162644
1377,9087851.014986444
1378,9152375.546259277
1379,8936499.1736692
1380,8535818.747971803
1381,8950854.794878405
1382,9034653.425332036
1383,8930626.28087338
1384,8990852.755247721
1385,8768227.662702287
1386,8698882.842769964
1387,9570903.603554385
1388,9548305.807709346
1389,9089150.628487518
1390,8952270.339788586
1391,8240269.307762359
1392,9458060.306428598
1393,9077993.823005946
1394,8546741.506056711
1395,9302468.669873772
1396,9398087.516482037
1397,8878689.79757338
1398,8451315.69929027
1399,9122437.676356139
1400,9532296.155357817
1401,8690272.299243841
1402,9451650.108824054
1403,9304632.043413445
1404,8475091.683609828
1405,8454341.429725086
1406,8495726.415570077
1407,9116165.526482943
1408,9065025.523264166
1409,8675153.906869244
1410,8913561.051227449
1411,8991971.448936004
1412,9750842.691884167
1413,9515840.024729446
1414,8834158.361186244
1415,9352997.957865668
1416,8525028.115555787
1417,9583188.208533736
1418,8819677.670578387
1419,9628873.90880279
1420,8869047.02772277
1421,8974451.964939382
1422,9109273.504146092
1423,8826278.65384432
1424,8975999.243352275
1425,8552676.216048233
1426,10139098.437643882
1427,8746674.5643808
1428,8040314.430055801
1429,9050665.173965663
1430,9744323.31622292
1431,8377143.838606486
1432,9209150.057774639
1433,9398526.209040461
1434,8680595.086320788
1435,9275358.918539315
1436,9314808.057257002
1437,8723829.6642676
1438,8515786.180878095
1439,9026464.30934232
1440,9530200.936216846
1441,9228756.046274468
1442,9378854.803231057
1443,9474587.687289461
1444,9233336.011307003
1445,9388967.300730225
1446,9272127.226109304
1447,9419739.498825187
1448,9717356.392745528
1449,8553210.113073329
1450,9194230.391915875
1451,9482475.901470494
1452,10116033.5024883
1453,9116437.989478327
1454,8868360.123917196
1455,8945173.633459345
1456,8645530.78622187
1457,8917714.172516825
1458,8765204.497713141
1459,8823200.931320531
1460,8342201.867075704
1461,9146715.645559635
1462,8985506.551272007
1463,8286979.098797333
1464,8598851.67153338
1465,9568293.176891355
1466,9152967.707543844
1467,9459979.073675446
1468,8864214.474147353
1469,8889001.957956849
1470,9800663.689834923
1471,8744343.920457186
1472,9224239.937109604
1473,8631148.12640842
1474,9746889.424021127
1475,9099725.774749717
1476,9348177.087982053
1477,8802722.803180147
1478,9487617.984873129
1479,9419662.372729968
1480,8312108.626404709
1481,9083083.308118628
1482,9287441.294986885
1483,9070954.689110722
1484,9172571.548381098
1485,8776155.315524904
1486,9451927.729112582
1487,9023092.896741487
1488,8586726.159256738
1489,9026506.559564479
1490,9336922.293623874
1491,8857247.782017803
1492,8640949.816021277
1493,8753935.41343808
1494,9255790.482895255
1495,8987407.98210399
1496,9337338.534991175
1497,9843019.205285301
1498,8853760.915088091
1499,8667793.053982545
1500,8489161.408434093
1501,9048798.755323853
1502,8457563.592654068
1503,9217852.587206619
1504,9642184.063810762
1505,8242875.384040238
1506,8885385.73305573
1507,8977498.636217758
1508,9599061.312779257
1509,9278104.41936169
1510,9595371.456262598
1511,9216312.388349906
1512,9576566.023297805
1513,8702717.156722592
1514,8946535.86585907
1515,8649343.304791225
1516,8949201.99296501
1517,8697240.956895968
1518,8883514.4235881
1519,8992316.47396804
1520,8884971.567127794
1521,8532640.85206143
1522,9081203.337314367
1523,8704898.721128326
1524,9354724.804466987
1525,9621500.40680387
1526,9151843.81857324
1527,9117127.7943797
1528,9373224.454698037
1529,8429066.713311234
1530,9136777.257820575
1531,9481033.677913206
1532,9558998.93337141
1533,9340214.81694923
1534,9127177.803155515
1535,8526140.26952511
1536,8777281.416391853
1537,9568165.54924654
1538,9075841.49427231
1539,8550135.41136527
1540,9940959.244097091
1541,8954171.716662502
1542,9031451.999300145
1543,9001633.193197643
1544,8904418.33233308
1545,9434191.73309066
1546,9437153.775806013
1547,8987708.13823187
1548,9676409.254507912
1549,8525822.497132314
1550,8253196.4893694185
1551,7881343.015446483
1552,8741931.901534313
1553,9664695.901188694
1554,9548760.13514098
1555,9270556.571761316
1556,8346700.624625127
1557,8975023.675122684
1558,9004881.834589144
1559,9289705.161144279
1560,8847530.734591188
1561,8537469.994866533
1562,8844288.033490576
1563,9168450.313866438
1564,8908357.505918477
1565,9139779.15368691
1566,8601957.39039157
1567,8621687.334226683
1568,8881549.138842897
1569,9015019.622527042
1570,9295593.48913578
1571,8983607.381699469
1572,9175495.36572268
1573,8820245.25960673
1574,9162174.601608396
1575,8962189.587736217
1576,8807712.77995369
1577,8983471.943107115
1578,8933564.156136185
1579,9057483.428843478
1580,9108386.176340882
1581,9075020.87401518
1582,8761578.438844018
1583,8551047.217892049
1584,9441965.229877505
1585,9359968.454089211
1586,9267351.991783306
1587,9344886.232035873
1588,8806501.59679092
1589,8496334.243425267
1590,8923780.190019308
1591,8923160.054188345
1592,8629082.16183316
1593,9048604.203407802
1594,8943873.942304319
1595,8918525.750540921
1596,9877115.590868756
1597,8686227.758115614
1598,8630250.487098781
1599,9418675.611738062
1600,9408198.64548101
1601,9013948.738605121
1602,8963287.248343058
1603,8570075.026121749
1604,9113849.526659925
1605,9233032.388600055
1606,9067976.983605975
1607,8749391.020567462
1608,9757305.97139551
1609,8793227.56706992
1610,8921579.256496778
1611,8769718.577256516
1612,8296695.715203099
1613,9373375.187955946
1614,8854332.53570834
1615,9117744.964394491
1616,9083137.957772963
1617,8766206.912629873
1618,8707994.520356273
1619,8966967.973286262
1620,8623783.602588026
1621,9025470.804847835
1622,8844138.928316008
1623,9631590.215792563
1624,9361048.451542905
1625,8872900.278690258
1626,8551577.429849036
1627,9630678.956316829
1628,9163358.833902452
1629,9095465.495271925
1630,9030095.166826531
1631,9172690.11187761
1632,8525141.377159012
1633,8786321.533608725
1634,8578367.349640535
1635,9090928.947836373
1636,8613154.6952689
1637,9604654.13850477
1638,8795451.46566805
1639,9053512.309846768
1640,8701411.940412592
1641,8782944.336542588
1642,8455299.743067801
1643,8652215.392920028
1644,9253373.668448385
1645,9174308.396526793
1646,9297805.145622928
1647,8902594.358615275
1648,9244072.27198386
1649,8509239.03817799
1650,10623133.300040098
1651,8785094.899591338
1652,9762954.762663243
1653,8942807.172712239
1654,9687475.138428453
1655,8567198.197938323
1656,8796091.732252086
1657,8981676.183900734
1658,8839011.277982298
1659,8906959.491417702
1660,9209684.705302259
1661,8930201.119497668
1662,9138029.1393957
1663,9155867.998639017
1664,9045185.590082614
1665,8882024.611314004
1666,8779400.878412783
1667,8375568.138308637
1668,9550810.348106006
1669,9191129.042249013
1670,9140181.193851342
1671,8721871.41987212
1672,9085546.20185172
1673,8478781.241835125
1674,8687399.227097891
1675,9149617.911320288
1676,8788624.558549337
1677,9072143.78980851
1678,8984653.617453331
1679,9918799.388053952
1680,8912625.244033908
1681,8703105.580002502
1682,8979487.592923613
1683,8743860.889872048
1684,8533474.765266463
1685,8631959.841566307
1686,9655570.92933077
1687,9255708.618622882
1688,8220480.03114741
1689,8349015.310028749
1690,9244157.096583523
1691,8751637.023198256
1692,8580882.496825008
1693,9035084.86410463
1694,9686144.42518862
1695,9189553.868083537
1696,9194514.40577278
1697,9126766.2185067
1698,9264389.634473393
1699,8686624.363243636
1700,9348764.549242625
1701,8955644.845080746
1702,9125412.989935275
1703,9264081.85689086
1704,9603056.56449763
1705,9078028.959081367
1706,9827795.613505485
1707,9529657.972693231
1708,8942263.655121898
1709,8834848.859085904
1710,9937190.513904493
1711,9335774.79486626
1712,9518468.414352689
1713,8557403.490536029
1714,8376618.379357681
1715,8855785.59289058
1716,9517820.115203401
1717,8444011.715287918
1718,8248489.079370755
1719,9082308.908603415
1720,8685382.037002927
1721,8705087.303554226
1722,9395384.69960668
1723,9408598.109351745
1724,9441206.75229841
1725,9188421.537403729
1726,9652712.76016018
1727,8959799.120271485
1728,8872659.607497124
1729,9629445.682951462
1730,8671061.818038253
1731,8786235.053799951
1732,8707244.21646225
1733,10048417.142792685
1734,8360420.575523816
1735,9158094.457741734
1736,8480259.898026705
1737,8290272.448002721
1738,8844432.296706192
1739,9160357.842455756
1740,8810815.87353031
1741,9446247.536400523
1742,9788420.342654973
1743,9284231.104998656
1744,8851251.569981316
1745,9217305.7791266
1746,9439940.737358438
1747,8615498.690708991
1748,8743834.643835472
1749,8728837.048954755
1750,8603894.180131601
1751,9598429.852065155
1752,8487144.278466655
1753,8798261.934657406
1754,8917140.203238469
1755,9171511.28684032
1756,9195763.708526056
1757,9512199.67515669
1758,8902298.027488071
1759,8096619.694187757
1760,8903825.981435038
1761,9636293.763476055
1762,9190605.781192543
1763,9407590.376632594
1764,8924741.680929333
1765,9698004.03784557
1766,9173143.382251346
1767,8744303.749949787
1768,9276662.073347155
1769,9000144.225983465
1770,8826653.303801633
1771,8786448.419713162
1772,9208716.488303747
1773,9023373.661523087
1774,8838291.243727673
1775,8831969.645910442
1776,8552580.102107737
1777,8997304.404544737
1778,8436424.463364884
1779,10082248.552850721
1780,8393954.612324111
1781,8741341.53998806
1782,8828629.1329768
1783,9255970.569730978
1784,9931775.990961907
1785,9023579.029271834
1786,8684176.375165353
1787,9403529.39282294
1788,9131638.398883663
1789,9424930.195222037
1790,9245522.775364868
1791,9020744.363992998
1792,8826999.288509717
1793,9425486.757050889
1794,9420552.766332246
1795,9947329.647813959
1796,8413785.060621494
1797,9314568.855420118
1798,8782892.225466289
1799,9452332.922722353
1800,8825427.784546161
1801,9959453.54613111
1802,8839437.381284282
1803,9576498.85822276
1804,8827702.757053029
1805,8732824.957395488
1806,8773208.566272376
1807,9252249.580237204
1808,9220193.278784629
1809,8791742.375577739
1810,8610176.781899914
1811,8832356.63110262
1812,8727596.20480174
1813,9198882.972844003
1814,8779366.945032775
1815,8781799.87408179
1816,8533514.253814373
1817,9046555.62754576
1818,9239861.939275928
1819,8066048.013601518
1820,8766995.578926634
1821,9282101.190694919
1822,9199248.296068408
1823,8945209.311588578
1824,8546200.926607274
1825,9020494.725415783
1826,8720355.33990417
1827,9375756.995622307
1828,8971639.98905929
1829,9306373.176688492
1830,9097429.96584964
1831,8875864.138901662
1832,9197960.952565022
1833,9616301.441362485
1834,9554609.61020019
1835,8618871.694652246
1836,8489364.0
1837,8745988.797856612
1838,8857980.581409061
1839,9149289.924368015
1840,8965835.278230345
1841,9055848.912467057
1842,8177865.065958348
1843,9587898.609384645
1844,8858912.510024833
1845,8937240.465115137
1846,9597077.445151027
1847,8905140.0
1848,9287687.002667824
1849,9071505.472757256
1850,8778569.34453898
1851,9205862.020330466
1852,9000782.850547146
1853,8822295.751954902
1854,9076628.854128722
1855,9029963.490840726
1856,9504566.019765241
1857,9249099.0
1858,9441544.943816122
1859,9024787.169258233
1860,8966366.431339355
1861,9417392.320530338
1862,9249371.766050193
1863,8750366.59486078
1864,8931632.022906391
1865,9096434.129894873
1866,9650489.665833814
1867,8563321.708860768
1868,8970226.218361158
1869,9810799.764341021
1870,8767039.085726855
1871,9400106.642351337
1872,8397639.22699617
1873,9207755.643651137
1874,8781541.489101097
1875,8883166.589501662
1876,8908853.299698107
1877,9608932.35911993
1878,9381793.120536907
1879,9039750.813781725
1880,9249228.684524287
1881,9275468.440779367
1882,8635132.967034828
1883,9683093.890775137
1884,9730241.966782466
1885,8896912.913866758
1886,9023263.94821142
1887,9124239.602151232
1888,9484752.732309531
1889,8516559.167957148
1890,9391990.791412655
1891,8654067.482148942
1892,8895781.680664795
1893,8994291.742381155
1894,8991857.691261567
1895,9115815.230508868
1896,9226460.386434685
1897,9321109.696650373
1898,9407997.28443236
1899,9069848.331517437
1900,9660264.178784497
1901,9079056.161061661
1902,10131725.973910809
1903,8363996.481012942
1904,8626888.2823182
1905,9100119.450114973
1906,9297432.352574728
1907,10699910.781188708
1908,9290759.644579075
1909,9012934.062692123
1910,9156878.06398846
1911,9301968.72132197
1912,8868193.879156418
1913,9144833.20275613
1914,9006408.861868829
1915,8634762.078599514
1916,8774052.60625099
1917,9410932.199468635
1918,9084135.092895158
1919,8855893.488601036
1920,9327265.751035918
1921,9194210.700500086
1922,9080967.170834616
1923,9123777.70940454
1924,9644584.523213537
1925,9407878.915989695
1926,8482005.37699675
1927,9056513.805838907
1928,8727054.169544987
1929,8504562.049551625
1930,8292569.22928828
1931,8574510.645130534
1932,8481595.563705483
1933,9721854.860096898
1934,8541290.907837195
1935,9740893.016208284
1936,9721879.210601514
1937,9119036.66803433
1938,9314905.880437186
1939,9141603.52333561
1940,8979307.863363659
1941,8799402.101437867
1942,8000998.927197616
1943,9226693.78934787
1944,8842348.552572666
1945,8448878.92075143
1946,8766403.875793336
1947,9015352.631011914
1948,8725429.631499588
1949,8705415.252685547
1950,9187083.157073114
1951,8593706.31759559
1952,8886469.158480668
1953,9097946.670365991
1954,9535620.63477756
1955,10009236.720374472
1956,9150572.72112349
1957,8859659.533422852
1958,8679292.180096367
1959,9141660.181161415
1960,9056220.01782327
1961,9314487.685626011
1962,9369100.857322637
1963,8869780.731483933
1964,9252701.611056997
1965,8682828.289989593
1966,8851460.069787938
1967,9269098.299160533
1968,8689558.341387356
1969,8856535.59183309
1970,8738179.226095244
1971,9020605.032618374
1972,9272540.407752981
1973,8798677.800694164
1974,9595614.163117757
1975,8835480.553663569
1976,8683912.036009338
1977,8799650.572866675
1978,8829684.313581668
1979,8265620.35834206
1980,10244872.059356542
1981,8647602.47664946
1982,9187077.892741714
1983,9085645.623581603
1984,9128714.855202429
1985,8973547.91111448
1986,9446801.208377441
1987,8991895.15608108
1988,9942922.091721807
1989,8715525.833236603
1990,9288086.896245934
1991,9239692.342535716
1992,9243087.532879744
1993,10377077.948112419
1994,9278089.458515484
1995,9002673.653108772
1996,9086228.458220612
1997,9322765.006883312
1998,9524171.159683011
1999,9093073.797686568
2000,8794272.63411342
2001,9292071.629869947
2002,8883466.01541751
2003,9098938.4380476
2004,8388712.974761656
2005,9265280.80145283
2006,8750587.476301482
2007,8699950.382693265
2008,9706461.941914799
2009,9491478.57491686
2010,9133001.721234728
2011,9034318.337070948
2012,9092210.587050563
2013,8631590.734782929
2014,9701930.990149612
2015,8546805.210009804
2016,8768207.83005799
2017,9227957.984435003
2018,8814291.333691528
2019,8942470.510869194
2020,8708409.000000002
2021,8975001.577392133
2022,9273184.43765395
2023,10000410.148317695
2024,9620283.30760193
2025,8588979.091333866
2026,9234140.958113926
2027,8827507.997291248
2028,9755682.934350424
2029,9374749.71168136
2030,9048667.42275488
2031,8689062.002353039
2032,8874205.60958524
2033,8694688.379519926
2034,9217984.252986953
2035,9343900.091459027
2036,9842733.80151691
2037,9197169.0
2038,8832148.326417478
2039,9374033.410486363
2040,8188607.261088458
2041,10143567.73322253
2042,9098663.54701612
2043,9292710.114806695
2044,9546442.139896695
2045,9314865.459361266
2046,8660359.930984203
2047,9048757.447167141
2048,9806809.6695113
2049,9192407.929437302
2050,8971127.799705945
2051,9237777.221290939
2052,8618141.011497706
2053,9109647.694413338
2054,8940874.862573938
2055,9489222.084208552
2056,9039294.054539856
2057,8934836.989452183
2058,8914856.402548572
2059,8362377.773518188
2060,8755079.229460316
2061,9430516.832586002
2062,8981225.810253551
2063,8708287.00692812
2064,9273451.007436438
2065,8391480.242289731
2066,9823111.863730675
2067,9976114.188907433
2068,8762053.167807829
2069,9183829.08169877
2070,8377804.553401253
2071,9307689.54408749
2072,8451146.634300694
2073,8918555.001161724
2074,8793824.048717692
2075,9163831.553755606
2076,9481848.474481342
2077,8856399.325118417
2078,9279169.928602675
2079,8695725.074141707
2080,9277850.617237207
2081,9158746.639517186
2082,9014062.044462621
2083,9146985.701647239
2084,10018991.414591994
2085,8581795.481983507
2086,9228353.203616688
2087,8798275.935453227
2088,9067780.55274674
2089,8895336.893470295
2090,9358559.737341328
2091,9030589.18579093
2092,9564557.643626587
2093,9371070.195976302
2094,9325364.738060119
2095,9173220.08637769
2096,8794924.015180696
2097,8727287.913870746
2098,8723889.082809467
2099,9041473.250111388
2100,9132510.367716625
2101,8782327.910850346
2102,9319272.572797518
2103,9574162.759138223
2104,9238331.407227712
2105,8487292.755543413
2106,8962461.486962108
2107,9519374.176192049
2108,8578456.79581954
2109,8363109.548422418
2110,9675666.754111664
2111,9877589.46671789
2112,8792281.76549097
2113,9142511.063956387
2114,9449204.12915991
2115,9060794.496238854
2116,8697995.617469903
2117,8909379.834450535
2118,8441068.049930157
2119,8614741.585016938
2120,8852783.958139053
2121,10328915.955242578
2122,9396994.813785806
2123,9550916.545140326
2124,9328834.092064695
2125,9110953.04005583
2126,9003821.007158278
2127,8703286.106241563
2128,8804218.975460792
2129,8815405.670933729
2130,9521188.111873884
2131,9248828.22061173
2132,9130899.64485528
2133,9339849.953362422
2134,9631934.647256646
2135,8821539.016484408
2136,8703860.206270397
2137,9569130.229312507
2138,8807199.684828967
2139,9027765.019854248
2140,9655744.854627486
2141,8987925.73140975
2142,9020552.202341035
2143,8695727.419294477
2144,8949760.732058529
2145,8578624.462228054
2146,9266614.536634287
2147,8805993.98595947
2148,9693321.675368726
2149,8988606.164930992
2150,8982159.830131682
2151,8787411.7500236
2152,8722510.417429585
2153,9790421.71023961
2154,8714676.332048615
2155,9143162.630608236
2156,8905881.25486276
2157,8700686.359165896
2158,8767762.297060773
2159,8794034.634720063
2160,9552292.174112003
2161,8596598.869742187
2162,8996907.799097717
2163,9925570.338602493
2164,8077692.290491322
2165,9097274.257088762
2166,8940687.485549072
2167,8155465.548097561
2168,9766273.103285715
2169,8585543.388900526
2170,9321185.745819857
2171,8776115.153156456
2172,9031161.394758612
2173,9531927.232373519
2174,9138487.221421873
2175,8824448.358788606
2176,8268969.998367062
2177,8621086.809570594
2178,8340110.999999999
2179,8911985.532441877
2180,9070319.251713527
2181,8707229.790466823
2182,8558587.29763888
2183,9587902.669420986
2184,9246065.487398086
2185,8929399.914013144
2186,8803606.050734032
2187,9432246.920724683
2188,9173991.686564531
2189,8944434.647519598
2190,8919147.964200972
2191,9031999.722612526
2192,9215365.832829108
2193,8849693.477125619
2194,9161608.552927308
2195,9017524.952957677
2196,8706362.90448077
2197,8452944.468144197
2198,9714049.34181484
2199,9120484.786618736
2200,8792011.029640555
2201,8880110.766967507
2202,9158028.869507166
2203,9085701.87475451
2204,9160697.255104713
2205,9628807.081921289
2206,8886829.143190846
2207,9188695.197949268
2208,9605789.83243532
2209,8708272.025548238
2210,9636061.094880894
2211,9007917.763326112
2212,8792863.814409338
2213,8660495.536379775
2214,8999992.17680464
2215,9065869.510450304
2216,8999971.124027684
2217,8521513.847635847
2218,9190745.995445544
2219,8298977.140887016
2220,9161689.651784519
2221,9458506.06578299
2222,9702356.461838238
2223,9434536.071255567
2224,8698094.62751574
2225,8680545.347846603
2226,9333818.073148888
2227,8690555.36380056
2228,9143500.600626927
2229,9288498.456062837
2230,8813430.0
2231,8563378.955509778
2232,9455320.603563985
2233,9341077.459236635
2234,8686092.712981464
2235,8753312.88045767
2236,8642432.341026075
2237,9153892.13853508
2238,10171581.215740873
2239,8980216.65146404
2240,8600129.860905303
2241,9505612.457946412
2242,10059960.92515001
2243,9163791.195645336
2244,8741033.28937694
2245,9136360.00132836
2246,9307533.196831837
2247,9088297.638287794
2248,9315967.777386162
2249,8436469.644860663
2250,9135129.626180395
2251,9141733.384564264
2252,8749847.086868709
2253,9343116.09140572
2254,9302372.326703195
2255,8731406.013299482
2256,8916660.393960627
2257,9833956.66579977
2258,8683565.697146362
2259,8617470.997242752
2260,9975240.000000002
2261,9548382.224164233
2262,8774291.671521906
2263,9427405.491693443
2264,8774194.767851114
2265,9628846.610225007
2266,9005992.473747864
2267,9244488.41225661
2268,9035759.105770566
2269,8679854.906890627
2270,9144280.638644556
2271,9895431.551430482
2272,8780055.690087404
2273,8262854.488797777
2274,9241519.775444517
2275,8996892.533629376
2276,9873759.301270807
2277,8920462.20966977
2278,8323175.750562613
2279,8650140.89228235
2280,9465275.120072886
2281,8715892.002259117
2282,8914779.795220166
2283,9177079.902828386
2284,9043982.160933338
2285,9505140.40018609
2286,8824904.737867258
2287,9300156.855959978
2288,8691659.777426433
2289,8960864.432794325
2290,9376535.494409148
2291,9023319.83761308
2292,8929070.525104977
2293,8969313.991218753
2294,9386734.074066209
2295,8867702.43281346
2296,8738971.564058386
2297,8565084.128495356
2298,9802417.013699101
2299,8667440.118233439
2300,9136504.185439337
2301,9843468.805232478
2302,8880058.940842526
2303,9577239.733858665
2304,9299190.54808702
2305,8779066.968305834
2306,9337819.580471475
2307,8712357.804832276
2308,8375960.351728017
2309,9056474.027810203
2310,9818919.979726182
2311,9591010.558124207
2312,8652290.350827169
2313,8233335.8792976625
2314,9248086.493817745
2315,9829749.093573458
2316,9296020.76006116
2317,9147513.646512462
2318,10068279.416684782
2319,8671636.536696643
2320,8940203.050432403
2321,9431382.313802095
2322,8883416.51638684
2323,9439122.383402888
2324,8811262.087341057
2325,8646367.218584215
2326,9642124.912342314
2327,9325285.381727073
2328,8565735.839735638
2329,9883104.986501232
2330,9806702.205931835
2331,8817617.66312683
2332,9018609.724862464
2333,8859995.262536202
2334,9076524.220606932
2335,9211531.431942362
2336,9660738.438158445
2337,9247806.767542502
2338,9489110.134055752
2339,9367760.702115364
2340,8656292.256405924
2341,8840075.640751109
2342,8975667.789170666
2343,8812612.837584056
2344,8585377.00881657
2345,8675196.69507366
2346,8974338.364812138
2347,9359280.171262618
2348,8987593.747140804
2349,9572248.207084293
2350,8692047.283424303
2351,8865986.063021803
2352,9692061.04180998
2353,9005696.877488056
2354,8845933.109542025
2355,8326350.313886608
2356,9022254.16608763
2357,8648501.034555579
2358,8531874.210349813
2359,9075728.097720444
2360,8039324.43714598
2361,9553345.664149398
2362,8739107.334898686
2363,9280460.34749995
2364,8711548.523966292
2365,10000368.704745771
2366,8860316.403090253
2367,9002154.338891707
2368,8777966.310684074
2369,8502173.416841596
2370,8631160.743916072
2371,8955665.191085542
2372,9100919.607348416
2373,8809748.626893828
2374,9335653.921957005
2375,9298187.82314489
2376,9859940.394374674
2377,9131765.634523517
2378,9891389.704253301
2379,9047602.7460479
2380,9206588.531638145
2381,9171104.49337167
2382,9247040.41898251
2383,8904204.539697716
2384,9168894.958830845
2385,9243970.635179263
2386,8887300.413594479
2387,9529348.786389358
2388,8564814.885276906
2389,8728516.948919281
2390,8558089.883925162
2391,8682595.37160996
2392,9875706.371938689
2393,8529880.620592805
2394,8695157.251275908
2395,8528122.09879302
2396,8592666.365355292
2397,9273667.4173901
2398,8797842.465634188
2399,9562033.19669664
2400,8892300.933088295
2401,9539305.71059263
2402,8687514.973000484
2403,8790458.184042115
2404,8606064.285274483
2405,8848135.892247956
2406,9049955.194752697
2407,8515044.618206086
2408,9116575.665422386
2409,9585416.432516731
2410,8867149.730202984
2411,9406909.597951917
2412,8935624.77799635
2413,8869840.562295882
2414,9292037.495301481
2415,9006776.788126092
2416,8804061.380986055
2417,8770416.114493972
2418,8352442.355321708
2419,9269580.887855228
2420,9900012.571232004
2421,9051151.107106777
2422,8994614.405504365
2423,8364071.894248732
2424,8867679.665968012
2425,9208016.772470618
2426,9430468.873818194
2427,8694747.203141682
2428,9504172.502659088
2429,9052932.440618621
2430,8895175.210891519
2431,8850058.208863627
2432,8803481.429695949
2433,9228169.336541247
2434,9463009.37986355
2435,9288007.531267378
2436,8401224.0
2437,9235359.403289702
2438,8736416.755742526
2439,8980088.080305558
2440,9026891.914126312
2441,9325629.387120862
2442,9393454.970659945
2443,9740556.885271136
2444,8352766.360562812
2445,9929526.540789591
2446,8578590.695741516
2447,8940283.805433018
2448,8552564.622037094
2449,8333213.670810827
2450,9404684.054446008
2451,8671034.361961737
2452,9248543.940419545
2453,9104765.21840924
2454,9226081.751888636
2455,9020743.857326377
2456,9400063.017004158
2457,9729624.497874863
2458,8721329.228243096
2459,8635526.807709191
2460,8773925.844407195
2461,9541726.142731778
2462,9059166.496391669
2463,8978787.628547745
2464,9086101.93501658
2465,8984123.53677328
2466,8498522.3209314
2467,9286160.324470805
2468,8397320.575052582
2469,9031156.570974622
2470,8866466.583870053
2471,8823377.835009161
2472,9636701.576046428
2473,9088142.152077526
2474,8337389.157782959
2475,8740681.898106864
2476,8965326.44794955
2477,9089247.070638562
2478,8861164.513755096
2479,9492609.18068763
2480,8587445.679389164
2481,9279064.263339413
2482,8527540.555835528
2483,9303318.198621348
2484,8512181.997294808
2485,8609219.118017005
2486,8972883.342210522
2487,8568396.868377818
2488,8650851.373571882
2489,9431033.118893208
2490,8920933.59399233
2491,9193859.328663051
2492,9071802.951308226
2493,9358272.3223839
2494,8982922.845050411
2495,9009322.709490117
2496,10022684.693990111
2497,8845676.180987775
2498,8875230.878567927
2499,8970637.351421302
2500,8496398.184613282
2501,8823759.13089763
2502,8874059.513302263
2503,10011202.256566662
2504,8392104.928787544
2505,8745214.339714427
2506,9168061.682717273
2507,8474494.060219774
2508,8637233.033575691
2509,8988772.573377522
2510,9669141.818564236
2511,8719433.92111773
2512,8940033.372738626
2513,9286332.232923083
2514,8670590.044442315
2515,8779567.102465844
2516,8923949.322383745
2517,8523673.715436697
2518,9062661.63440342
2519,8404405.747288132
2520,8711247.826282527
2521,9052838.530919394
2522,9401891.586682986
2523,8694009.366543237
2524,9166182.777303476
2525,8041464.058224402
2526,8462895.383041237
2527,9695174.957838051
2528,9087229.097330075
2529,8804505.303579308
2530,9401110.590129599
2531,9102054.073779825
2532,9716586.489453353
2533,8851211.64514838
2534,8961450.674750853
2535,8700577.199836526
2536,9466680.08336049
2537,8772295.435809614
2538,8871354.0
2539,9123491.76610998
2540,8540723.908599993
2541,8348414.03301463
2542,9350781.69319246
2543,8993322.737837035
2544,9898278.912023406
2545,9037481.910992524
2546,8905238.249279385
2547,8882602.968868352
2548,8447203.878008366
2549,9323320.539807355
2550,9019097.579978958
2551,8767339.314414201
2552,8821926.90478898
2553,9183865.345719662
2554,9450692.168717343
2555,8819483.075836936
2556,8830945.645918012
2557,8808316.26452728
2558,8996566.972699098
2559,9130475.072238576
2560,9246735.666123165
2561,8095528.057132188
2562,9176094.918336239
2563,8798007.06824571
2564,8427513.174793117
2565,8613611.33388701
2566,8942618.66165875
2567,8790918.338643178
2568,9189316.541566838
2569,9138387.16014765
2570,8695861.847561719
2571,9150920.503368694
2572,8673223.02005333
2573,8562740.493705744
2574,9584736.719945902
2575,8789140.734134017
2576,9043429.50142548
2577,8829970.091392383
2578,8583975.837019794
2579,8903547.555689761
2580,8536314.079190878
2581,9222241.50291994
2582,10335086.141689787
2583,8924900.62547402
2584,8732776.85536085
2585,8692060.606095323
2586,9288346.159538185
2587,8875735.89630605
2588,8845969.207929134
2589,8853346.248112354
2590,9108620.398831587
2591,8259020.556002013
2592,9106122.301507946
2593,8802060.113522515
2594,8906016.595328882
2595,8478573.955002869
2596,8956550.934174336
2597,8967917.053481076
2598,8573441.741306812
2599,9407741.459429953
2600,9317591.372269409
2601,9651664.941933902
2602,8964608.49568533
2603,8899252.488739736
2604,9545413.165606193
2605,9149955.752725828
2606,9902026.366436124
2607,9280662.438056555
2608,8288138.997164064
2609,9791985.0335102
2610,9020120.775323233
2611,8922826.142889865
2612,9806016.923940215
2613,8914245.72489969
2614,9537036.845653139
2615,9272437.093940763
2616,8964896.636047734
2617,8857968.35491365
2618,9943909.687577644
2619,9298073.686794719
2620,8695711.926023021
2621,8978903.500364965
2622,8266612.331055988
2623,9073699.555912891
2624,9266324.328999486
2625,9345683.582274767
2626,8704166.221300596
2627,9302812.701022414
2628,8841623.09295404
2629,8590098.053979198
2630,9176050.27264842
2631,8935536.520355348
2632,8226784.69757078
2633,9206900.664285073
2634,8930291.315953001
2635,9023664.789561016
2636,9283762.155714268
2637,9131100.670369333
2638,9431860.905363014
2639,9123817.641922388
2640,8266775.524730259
2641,9538607.879652293
2642,9334865.200404653
2643,8661203.82348651
2644,8141066.106256771
2645,8755862.404348899
2646,9523351.588017981
2647,9516969.64849504
2648,8674514.43091987
2649,9965875.188915249
2650,9497374.82718932
2651,8607201.5821197
2652,9590231.3192314
2653,8960055.539726608
2654,8971606.27772138
2655,8591799.830238612
2656,8619604.75697439
2657,8926521.760391511
2658,9123211.928322503
2659,9193694.750349594
2660,8906710.072205644
2661,9311663.346724644
2662,9109356.262324313
2663,9603656.937931553
2664,9135844.134039627
2665,8869282.495893892
2666,8601089.857290696
2667,8755347.73367346
2668,9322948.383567814
2669,8736933.711070143
2670,8739780.0
2671,9179611.890269572
2672,8777767.392952438
2673,9401715.391714947
2674,8491143.211599946
2675,8349587.162974552
2676,9589534.1457112
2677,9049020.275246419
2678,8756291.986930136
2679,9324440.720857168
2680,8747844.0438952
2681,8611088.669803007
2682,9652949.288097102
2683,8820925.517675767
2684,8634140.230319599
2685,9298957.525661655
2686,9215157.187239602
2687,9018336.828525642
2688,9663800.742663322
2689,8608720.04560044
2690,9741754.15437241
2691,9011675.552094383
2692,8504654.377913704
2693,8933883.485198239
2694,9221966.062283296
2695,8797262.328388663
2696,9239297.998668341
2697,8998612.004411584
2698,8205136.842129766
2699,9440995.260034474
2700,7992916.579405176
2701,9240235.965435587
2702,9059978.90499681
2703,9274870.876992494
2704,8512968.45750465
2705,9315859.111678472
2706,8578556.193964612
2707,9446428.627663119
2708,8905169.879557043
2709,9195216.87981193
2710,9036270.702651124
2711,9651707.665738907
2712,9220146.77713854
2713,8579410.295333669
2714,9488267.902570253
2715,9941817.696198747
2716,9651154.284433931
2717,9179138.9464391
2718,8783555.706187475
2719,8889865.52303478
2720,8973175.751321001
2721,8556622.736773165
2722,8790434.223556707
2723,9609018.667701019
2724,8724451.590240497
2725,8635417.80027546
2726,8601157.056913098
2727,8985039.632280985
2728,9659852.674953194
2729,8920952.710168138
2730,8660191.93776568
2731,8742764.473310065
2732,9412030.181134343
2733,9264881.56697402
2734,8751411.029994505
2735,9738686.234610511
2736,9573466.163130065
2737,8654787.0
2738,9629975.045979192
2739,8931948.236458182
2740,8294106.646316846
2741,8763834.592926132
2742,8246231.949330866
2743,9388105.259623472
2744,9490710.14618477
2745,8677530.850319104
2746,9202034.294381458
2747,9317526.262500444
2748,9613695.020682927
2749,9140208.480611568
2750,9534630.112074746
2751,8749486.488335181
2752,8857838.357569952
2753,9243363.235503655
2754,8948753.081096204
2755,8950220.067285039
2756,9169029.624738198
2757,8788344.334956724
2758,8981350.473436551
2759,9349045.759459998
2760,9737027.060357824
2761,8905910.82057297
2762,9033806.913377365
2763,9794001.702062912
2764,8871254.537104586
2765,8840716.98685357
2766,8795730.03445686
2767,9299260.091845756
2768,8866396.384675108
2769,9558866.950369151
2770,8812009.761334907
2771,9098110.621106105
2772,9115326.208013292
2773,8430948.56784508
2774,9397288.611562192
2775,9445978.368226603
2776,8711649.23188182
2777,9097190.5348178
2778,8896869.737033635
2779,8717256.918543696
2780,8246617.376351393
2781,9549920.476083327
2782,8855596.466138078
2783,8664985.817064088
2784,8979258.40171615
2785,8860312.610125318
2786,9212592.314559564
2787,9035761.792423945
2788,9185532.138552265
2789,8622348.54030931
2790,9781570.936317509
2791,8470966.389482904
2792,8695029.279210068
2793,8744404.635782648
2794,8553066.82845398
2795,9389447.036826536
2796,8866200.206646148
2797,8814326.372805081
2798,9213540.892577339
2799,9643749.445478683
2800,8971823.40103999
2801,9217395.0
2802,9118584.03455137
2803,9303774.354457613
2804,8276949.0
2805,9663691.254076827
2806,9071518.220050171
2807,8590960.412517345
2808,9427032.532931566
2809,9785184.679904368
2810,8774882.697546039
2811,8621284.549449135
2812,9026999.278604152
2813,8619667.101805415
2814,8799589.886187078
2815,9358305.885925638
2816,9092451.637430128
2817,8501862.328600857
2818,8737012.34306956
2819,9585312.13705436
2820,9127361.623832949
2821,8971767.233370772
2822,8744044.106532495
2823,8435659.871220427
2824,8290005.01922461
2825,8441178.000000002
2826,9683002.008009212
2827,9356727.677483412
2828,9141261.76748349
2829,8623847.014122928
2830,9693300.67004818
2831,8893715.810671385
2832,8371670.59376204
2833,9012002.36417342
2834,8850531.64563203
2835,9754215.730565032
2836,9210833.291482972
2837,9291066.00248659
2838,9028747.494492732
2839,9305672.019478075
2840,9033629.79456945
2841,8835000.895063559
2842,8924817.23347987
2843,8763549.680144725
2844,9006493.148673294
2845,8961257.648246635
2846,9012919.218408065
2847,8997415.104583208
2848,8916499.051547986
2849,8751279.384731494
2850,9008245.26220361
2851,10069211.793560177
2852,9439726.458718158
2853,8696111.609603034
2854,9090116.751248501
2855,9068679.613105439
2856,8804604.66940273
2857,8596415.113842232
2858,8803478.326704424
2859,9024234.31845097
2860,9247134.926921422
2861,9495289.998589594
2862,8639096.224863192
2863,8365651.260362301
2864,9022338.284717666
2865,8911265.864946654
2866,9321002.42745142
2867,8486455.158817843
2868,8653408.746888869
2869,8690077.016643716
2870,8722579.212470217
2871,9419218.083083166
2872,8922212.346353209
2873,8702034.606366726
2874,8912154.13410791
2875,10002529.355954055
2876,8695537.913958736
2877,8407552.973484125
2878,9315966.370505918
2879,9509904.570275007
2880,8752398.646412868
2881,8785775.376176275
2882,8599525.36658443
2883,9106150.363399163
2884,8262982.846800327
2885,9057037.803984731
2886,9549090.851342196
2887,9298936.456739536
2888,8720314.281452127
2889,9786483.539551692
2890,9349679.917989397
2891,8995564.486433392
2892,9287221.044912491
2893,9072518.744873267
2894,9676277.193531983
2895,8937401.235526133
2896,9085148.158258833
2897,9434268.575140508
2898,9117817.322996229
2899,8857733.98250046
2900,9545330.976437975
2901,9048644.61942927
2902,9245186.82061972
2903,8316163.567753366
2904,8787957.19832754
2905,9005527.98242488
2906,9483177.426679267
2907,9116248.86971025
2908,8906767.38602626
2909,8918191.504864868
2910,9215226.308537742
2911,8684248.574548047
2912,8821506.68599281
2913,8832914.743427193
2914,8883136.381388726
2915,8829513.113128796
2916,9928208.23048972
2917,9165814.130275484
2918,8344891.110852509
2919,9969400.678921534
2920,9828575.794006748
2921,8850546.259562314
2922,9040567.489084585
2923,9395297.144546049
2924,8553144.577026147
2925,9220011.289332094
2926,9174332.684210291
2927,9382178.144835167
2928,9482893.404120957
2929,8584798.08825216
2930,8752535.548812976
2931,9167124.077776086
2932,9628291.89270858
2933,9712094.959193924
2934,8907155.210484378
2935,8633644.886127677
2936,9025262.030296382
2937,9257258.847933143
2938,9071396.896567421
2939,8663278.131977519
2940,9555485.722027093
2941,9371179.017588902
2942,10072747.849218585
2943,9084399.400039455
2944,8709752.7512406
2945,9973577.488726048
2946,8846807.597734781
2947,8743522.070277795
2948,9754998.623565847
2949,8578026.322193682
2950,9382774.841277067
2951,8514064.161281064
2952,8818219.70661221
2953,8275716.28218525
2954,9455073.66379688
2955,8846099.542013433
2956,8470742.160362555
2957,8354121.644250723
2958,9358585.783126386
2959,8387473.289894162
2960,8707097.561453976
2961,8767107.948783627
2962,8428610.53318895
2963,9412687.24057996
2964,8566063.749838667
2965,8277613.134688245
2966,9133793.788108595
2967,8572719.539989205
2968,8783291.869090637
2969,9488639.106892176
2970,8968073.391818313
2971,8468094.209287617
2972,8540682.852026148
2973,8654128.772802377
2974,9095272.732326696
2975,8730280.781665623
2976,9012147.568114381
2977,9329460.009461273
2978,9227453.228873234
2979,9215146.440112546
2980,9149195.563862232
2981,9228322.392641308
2982,8529990.748200258
2983,9250308.062904807
2984,9176198.073096259
2985,9643742.985440223
2986,9593648.75009619
2987,9232553.190445932
2988,8442815.325233629
2989,9089723.761823315
2990,8631769.662669752
2991,8975324.414623985
2992,8963065.57485685
2993,9420851.15574718
2994,9259151.10950274
2995,9132778.602995956
2996,9670477.386939596
2997,8583022.65827861
2998,8762113.44710909
2999,8686524.051273534
3000,9371535.0
3001,9901516.685039708
3002,8885199.153364833
3003,9596126.167457301
3004,9065536.423104357
3005,9057529.422894722
3006,9155430.557299469
3007,8788001.832097143
3008,8442090.764181808
3009,9482270.46885079
3010,8845525.435764795
3011,9444021.2483781
3012,9088821.0
3013,8794787.661810635
3014,8667997.701037398
3015,8918198.360208908
3016,9070919.673313621
3017,8779733.531348031
3018,8900572.464295847
3019,9064845.965759903
3020,9364491.229003532
3021,8594241.491059935
3022,9357239.037619574
3023,9451504.494708171
3024,9471075.633689057
3025,8764584.971803362
3026,9327335.834897857
3027,8695944.139463855
3028,8826126.699500145
3029,9159633.152508933
3030,9074941.284961239
3031,9121661.673488127
3032,8846082.095358305
3033,8686892.402556863
3034,8639686.29498148
3035,9287451.404843256
3036,9256810.843481846
3037,8599276.683140432
3038,8963442.89612712
3039,9037445.669829741
3040,9338353.824543834
3041,9527141.760401249
3042,8863053.729920337
3043,8538152.983489173
3044,9644088.787518183
3045,9387516.162395783
3046,8458527.128714237
3047,9221433.282835258
3048,9570537.547263764
3049,10484482.370744
3050,9590637.62681876
3051,8956085.31380655
3052,9153782.581890872
3053,9343150.866276173
3054,10477535.063697368
3055,9380113.361018538
3056,9840929.22466424
3057,8472552.498705925
3058,8506310.822717067
3059,9189055.314293051
3060,9598984.88976134
3061,9217444.28735827
3062,8468989.028851423
3063,9366498.86140332
3064,8963065.295634001
3065,8843336.477782736
3066,8873833.418982638
3067,9012502.769465128
3068,8628358.82380089
3069,8606854.379763396
3070,9226871.028120661
3071,8864058.151420858
3072,9211418.149682097
3073,9155632.344228353
3074,9075510.503836265
3075,8909463.908799477
3076,8934727.9597575
3077,9652471.358884677
3078,8678828.355003968
3079,9904464.213103697
3080,8950294.553023428
3081,8904189.348272504
3082,9584058.706596281
3083,8992518.793304091
3084,9223156.471060555
3085,9415895.935474712
3086,8839670.600856703
3087,9495169.144045414
3088,8534577.898015277
3089,9367651.837052833
3090,9069932.317229785
3091,8952012.43844183
3092,8374675.506363993
3093,9005208.248508036
3094,9008349.773706801
3095,8603785.370388161
3096,9461144.483851146
3097,8906328.272642981
3098,8894987.676884312
3099,8490326.867915977
3100,9319645.331420787
3101,9123106.388418056
3102,8621387.127765093
3103,9115024.454002887
3104,8936117.323466014
3105,9272385.200857205
3106,9224595.518799983
3107,9098775.528514354
3108,8496021.472414825
3109,8554763.083584186
3110,9125217.543454455
3111,9110525.15161236
3112,9078141.192560058
3113,8481176.938806955
3114,8518833.009541174
3115,9041826.906220485
3116,8611056.220400292
3117,8906706.291160056
3118,8578025.568558136
3119,9235736.930758527
3120,9979495.818455752
3121,9087415.479134077
3122,8503971.464912387
3123,9086544.256946836
3124,9426588.334113443
3125,8749298.561829468
3126,9697245.199624667
3127,9309091.727029463
3128,9120303.178027753
3129,9776259.642191494
3130,9333948.56211156
3131,9155583.313197896
3132,9076845.067515565
3133,9403992.626050118
3134,9227275.7080041
3135,8737664.559414694
3136,9651744.388738161
3137,8829439.382392053
3138,9282306.556917088
3139,9203864.38604651
3140,9249117.202075753
3141,8515832.220718686
3142,8975028.388129827
3143,9258652.466782607
3144,9581403.172081854
3145,8921617.825330297
3146,9469403.436264332
3147,9333675.332061782
3148,8687901.042469027
3149,8621676.485199083
3150,9027361.232504033
3151,8928919.987503449
3152,9260165.510042798
3153,9061554.927030468
3154,9050316.180542074
3155,9326520.087487902
3156,9122845.977778306
3157,8743984.805089565
3158,9542195.373913392
3159,9116821.119342286
3160,8895706.836137066
3161,8728727.214228112
3162,8820206.995272182
3163,9171087.416309802
3164,8788469.80692042
3165,9027590.659989692
3166,8774527.851068083
3167,9248198.517747916
3168,9636294.275256582
3169,9370030.16511533
3170,8936517.53528975
3171,9414842.233157365
3172,8793839.813033527
3173,9369855.38791622
3174,9298189.026440986
3175,9192553.121191103
3176,8503862.68339905
3177,9278656.134324264
3178,9069274.898367152
3179,9605540.098674484
3180,9160337.918238921
3181,8709809.394914106
3182,9144833.14439112
3183,8957093.000771264
3184,8965268.223265609
3185,9361727.723396057
3186,8848751.523701563
3187,9478593.248772802
3188,8689440.145986633
3189,8925476.68670973
3190,8878537.68272371
3191,9290288.293895625
3192,9385023.001671454
3193,8967391.268787144
3194,8674883.898155306
3195,9252798.211977405
3196,8500262.074914005
3197,8880960.702362569
3198,9385395.629383652
3199,8612797.632181436
3200,9457309.217979204
3201,8682091.583372409
3202,9012464.272892622
3203,9516710.20157797
3204,9238952.523229636
3205,8685039.6056549
3206,10046851.85392831
3207,8839832.900214039
3208,9184452.009225445
3209,8610086.485158054
3210,8633617.826756835
3211,9054150.606211346
3212,9078605.91794405
3213,9317569.013834486
3214,8696331.391991278
3215,9320082.045349047
3216,9128728.589617262
3217,8987680.63241119
3218,8759469.220973171
3219,8968535.905947816
3220,8552428.528154781
3221,8995558.257255215
3222,8533868.746056503
3223,9530561.682687592
3224,9927300.08247119
3225,9372401.079950383
3226,8648077.599203333
3227,9077238.912152963
3228,9078503.370518934
3229,9094183.066489868
3230,8968560.235699492
3231,9388660.8316958
3232,8480246.399493378
3233,9609571.704486087
3234,9178299.55196905
3235,8727168.0
3236,8746075.090275763
3237,8350054.972754386
3238,8864074.817413768
3239,8822278.52959254
3240,8221058.846966195
3241,9975158.444378842
3242,9062779.640791172
3243,8893404.043323517
3244,8987112.019771194
3245,9488747.908565419
3246,9653559.460173637
3247,8920112.34463327
3248,9135004.65043026
3249,8646144.501664193
3250,10063089.796762541
3251,8857015.299772443
3252,8151839.702743594
3253,8715675.453026567
3254,8383249.195401209
3255,8973212.448168961
3256,8639672.100103702
3257,8649025.33166395
3258,9544913.372394335
3259,8735712.947006408
3260,8862728.393755037
3261,8888793.641073084
3262,8719712.02152301
3263,8889431.057536814
3264,8903827.950566525
3265,9709466.218764571
3266,8978846.469153425
3267,9137554.012026036
3268,8780666.530043533
3269,9169761.1594313
3270,9259267.007584147
3271,8177511.199887426
3272,8348187.208991044
3273,8868728.608853558
3274,8703845.562509373
3275,8838703.393950617
3276,8689563.138334567
3277,9260740.562251024
3278,8899557.998775449
3279,8709667.414769985
3280,8979619.264485504
3281,8730215.744778952
3282,9430377.373591917
3283,9506552.745869143
3284,8874171.869980821
3285,8692794.143277625
3286,9072819.997273467
3287,9016574.483207483
3288,9450344.214501463
3289,8256535.038000973
3290,9203064.219218414
3291,9727347.728396235
3292,9124442.875243073
3293,8747634.0
3294,9414473.58833409
3295,8752876.24307749
3296,8579395.167969385
3297,9472254.195948064
3298,9173751.88945951
3299,9006046.705134597
3300,8802827.426200924
3301,10154577.01108418
3302,8963899.478880387
3303,8339356.9133581165
3304,9040480.972022258
3305,9065039.894109458
3306,9337120.284221362
3307,8624083.480115095
3308,9208779.98042761
3309,9120345.823448392
3310,8782317.098719396
3311,8863765.662643403
3312,8967281.674876165
3313,9585026.036789116
3314,9250491.17637292
3315,8992185.499291454
3316,9519515.388729269
3317,8987317.995761242
3318,9386206.465708068
3319,9099579.435056698
3320,8620371.96493378
3321,9162268.865141295
3322,8589000.418232145
3323,9018363.4822054
3324,8751726.766505864
3325,8804314.080362912
3326,9168262.436377052
3327,9362388.307797886
3328,8749789.404604215
3329,9174553.856887423
3330,8853462.673579043
3331,8787528.67829894
3332,9083972.739376618
3333,8789205.537957422
3334,8788601.44136781
3335,8545967.002588384
3336,9069115.11474944
3337,8719736.82559206
3338,9093320.379774576
3339,9887720.450511463
3340,9207306.310974134
3341,8909596.122096078
3342,10180342.064617585
3343,9735535.619011048
3344,9628469.630945977
3345,8907370.598863902
3346,8431378.618420238
3347,9036559.827530265
3348,9976124.186574755
3349,8847062.938336892
3350,9485595.544812853
3351,8304966.597306018
3352,8822600.595674459
3353,8636769.862014126
3354,8768641.788290076
3355,8966556.84098779
3356,9263068.428036077
3357,8995713.116507849
3358,9490646.724204669
3359,9349098.303303989
3360,8931241.127618153
3361,9096320.126002934
3362,9365512.236015007
3363,9596436.81764587
3364,9268713.33518252
3365,9365037.965010712
3366,9309606.599482764
3367,8702911.81991222
3368,9492190.274508834
3369,9525391.885867942
3370,8645735.090781588
3371,9073546.418404898
3372,8405430.264067866
3373,9465170.111779202
3374,9347008.262794321
3375,8723194.9362928
3376,8456031.798893135
3377,8652562.975304063
3378,8838005.795006339
3379,8608894.390800994
3380,9828584.600696152
3381,8261693.739462486
3382,9133670.230872948
3383,9109889.275751472
3384,8773788.443331938
3385,9013388.104357848
3386,8571861.042905021
3387,8782196.784966368
3388,8822864.610324835
3389,9278535.139008926
3390,8520456.802024331
3391,8143245.384229019
3392,8777178.646243915
3393,9055028.889559034
3394,8548488.46071582
3395,8736064.824578248
3396,8375521.751110119
3397,9195814.505404219
3398,9464745.760476029
3399,9076194.0
3400,8889412.872478211
3401,8502872.93429806
3402,8727962.254387455
3403,9310079.059131315
3404,9124325.459121406
3405,8913173.877904356
3406,8989733.907651423
3407,8551996.925620569
3408,8999253.394636927
3409,9644456.293577734
3410,8987117.932271816
3411,9286848.22660283
3412,9338171.535311116
3413,9641677.803670703
3414,9312714.144607348
3415,8905634.063819643
3416,8838899.740676008
3417,8940707.38590487
3418,9096311.88195391
3419,9550969.652903529
3420,9123039.001222258
3421,8440717.944085125
3422,8940624.66957006
3423,8817801.88986561
3424,8828931.547283445
3425,9954923.040775834
3426,9117279.20647809
3427,8544581.563114796
3428,8901098.30329243
3429,9014011.904324189
3430,8995341.335987624
3431,8584581.473944455
3432,9168022.30787927
3433,8664205.554693893
3434,8606279.228028642
3435,9738848.576264186
3436,9078657.98164559
3437,8825354.594599053
3438,8804358.208006468
3439,8943029.76469811
3440,8865014.85999702
3441,9784543.979027467
3442,8565299.557304822
3443,8854023.376893373
3444,9352142.630845033
3445,9412535.92401002
3446,8613176.750108277
3447,9017862.46850112
3448,9782078.618574163
3449,9054883.832918067
3450,9333780.809689064
3451,9019975.897224182
3452,8494583.826001383
3453,9416582.693549903
3454,9025271.015698088
3455,8212073.592214579
3456,8671256.85612055
3457,9303083.976039827
3458,9475294.74351183
3459,8728495.571661917
3460,8452595.970534347
3461,9253935.019304747
3462,9405015.143373879
3463,9174382.193497987
3464,8987384.64026349
3465,9406730.999463512
3466,8629932.615074318
3467,8835147.788980529
3468,8964783.363855217
3469,8822307.104813734
3470,9082195.750839729
3471,8674295.63309776
3472,8297946.411587811
3473,9315385.112073652
3474,9069821.450690418
3475,9434565.792117622
3476,9486306.372787852
3477,9312050.28479028
3478,8740900.164499413
3479,8947709.191353733
3480,8434327.650816115
3481,8926435.354588233
3482,8705591.572378373
3483,8702809.172572915
3484,9171958.6230061
3485,8819527.802127426
3486,9236684.957618777
3487,9079896.215137633
3488,8878121.684560958
3489,9111596.739265723
3490,8717079.209841883
3491,9013323.719141733
3492,9021493.033086693
3493,8699178.259875834
3494,9750894.723022806
3495,9078571.230836283
3496,8539726.330566434
3497,8669298.909302002
3498,8989573.116518345
3499,8427366.669539899
3500,9256973.752692057
3501,8604795.339792788
3502,9797901.928163338
3503,9074148.87492072
3504,8793441.150314797
3505,9452434.899276355
3506,9563531.79155541
3507,8872787.671792347
3508,9337663.51386535
3509,9491355.857222218
3510,8300441.766261026
3511,8861578.009274006
3512,9101275.226069063
3513,9197538.144545242
3514,9210283.391621375
3515,8828414.358272742
3516,8759679.429647006
3517,9259444.122196492
3518,8773066.611846834
3519,8705124.260139408
3520,9192000.406625286
3521,8355393.314589592
3522,8940025.267432915
3523,9451178.186641756
3524,8921380.592134602
3525,8939498.825071825
3526,9039592.207431348
3527,9133930.508386757
3528,8703230.65536369
3529,9154242.86375671
3530,8749015.588448176
3531,9062740.869040947
3532,9689861.107954279
3533,8899783.720910097
3534,9313422.655611413
3535,9916579.224516781
3536,9238632.076899303
3537,8883431.639041264
3538,8291967.294953909
3539,9050524.115463741
3540,9371362.689425092
3541,9050567.585394667
3542,8652544.157030413
3543,8964086.75079582
3544,9437231.178286033
3545,8386199.682451041
3546,9465599.55267544
3547,9186036.363942383
3548,9826566.192298844
3549,8486274.109939432
3550,8870255.211951476
3551,8246972.421007448
3552,9277617.880794136
3553,8867707.288903318
3554,8741253.94940806
3555,8945636.19708618
3556,8679655.267190676
3557,8984640.309094207
3558,9366298.721776262
3559,9095511.781782933
3560,8729440.324014146
3561,8795512.036858585
3562,8431666.204766463
3563,9627511.052594867
3564,8715377.180387877
3565,9913641.54782107
3566,9599023.770256838
3567,9038870.508667251
3568,8673117.027529743
3569,8936622.707289279
3570,8951606.142778415
3571,8520710.394658959
3572,8914719.663504373
3573,9178721.944252485
3574,8781495.541525075
3575,9287660.827571593
3576,8987696.555144947
3577,8716712.641709007
3578,9740917.747116348
3579,9203875.202443374
3580,8556982.339443495
3581,9075736.422947492
3582,8898943.55243143
3583,8656629.233898053
3584,8997626.22733809
3585,9426593.773916664
3586,8769754.605335113
3587,9298014.941965876
3588,9401601.214769682
3589,9532142.174865147
3590,8665366.973490294
3591,8708150.066979663
3592,9232178.69560709
3593,8053172.274668446
3594,8620250.20408757
3595,9171113.455027372
3596,8570129.739540737
3597,9400776.877226021
3598,8610028.00648386
3599,9181650.24919779
3600,9272029.754151143
3601,8176443.760729864
3602,9483043.029670367
3603,9429469.840480812
3604,8647594.674386736
3605,8971248.813965183
3606,9599991.630831141
3607,8206156.228406727
3608,8809891.673648184
3609,9129382.706524605
3610,8902182.629188787
3611,9117239.808436722
3612,9261196.624357237
3613,8996846.142553091
3614,9415013.46292037
3615,8918869.32561122
3616,8689307.010407284
3617,8875646.313288145
3618,8830112.933127671
3619,8878598.755845899
3620,9172092.324358542
3621,9741369.27885903
3622,9748667.890609553
3623,8880339.751198398
3624,8732582.004351363
3625,9153528.731425097
3626,9062985.878318245
3627,9023254.960719962
3628,8868218.328971338
3629,9122846.47708911
3630,8752565.514139634
3631,9219464.702469539
3632,8959863.988670534
3633,9001896.876131592
3634,8971461.483750015
3635,8759233.29011856
3636,8611985.913943505
3637,8704607.563350273
3638,9451204.735161409
3639,9253487.347331699
3640,9163931.877074517
3641,9197791.559162812
3642,8777518.919760853
3643,8931891.482033389
3644,9660677.756558925
3645,9361399.865263997
3646,8912037.866602112
3647,9097729.257266898
3648,9079403.650893733
3649,9350066.1232677
3650,9479699.419831218
3651,8889631.48475384
3652,8718216.324049998
3653,8984238.138577588
3654,8822276.496426087
3655,9148586.796906618
3656,8683252.654831506
3657,8635525.332586996
3658,8805266.240804542
3659,8171590.198312726
3660,9552360.419371687
3661,8668805.519606043
3662,9483681.37295291
3663,9057566.068869796
3664,8201065.083092877
3665,9774764.103830697
3666,8293691.586661335
3667,9510568.287158092
3668,9430184.436785288
3669,9522192.361147175
3670,9060051.177820655
3671,8667744.07525018
3672,8877510.578274513
3673,9299883.701971447
3674,9380111.408226622
3675,9463393.994574407
3676,9013029.431355944
3677,9096776.59967239
3678,10210838.233245935
3679,9019589.686518706
3680,9256535.7008427
3681,9753583.45006495
3682,9247287.148995513
3683,9451988.657425532
3684,8643359.574904777
3685,9323027.704578504
3686,9203289.112365132
3687,9221558.41993326
3688,9456902.288703095
3689,9528666.458181255
3690,9074540.825608565
3691,8338682.809913506
3692,8663639.529405396
3693,8495583.816466449
3694,9188864.584602311
3695,9907267.66070339
3696,9409556.944023998
3697,9218854.949325182
3698,9434270.021291435
3699,9306530.657463605
3700,9011999.767722549
3701,8988281.09523937
3702,8820403.916870018
3703,9109875.080963494
3704,8835798.253601974
3705,9090608.854440149
3706,9271438.692029504
3707,8971870.494884215
3708,9455742.596671365
3709,9121622.868116219
3710,8861706.786224522
3711,9216152.57886593
3712,8611580.728842452
3713,9046929.25212382
3714,8676441.004870092
3715,9348030.787149474
3716,9051826.311897226
3717,9629527.274173593
3718,9116825.515661731
3719,9182013.92456436
3720,8527579.00429214
3721,8642202.0
3722,8864142.409236737
3723,9309257.56666826
3724,9083329.363658573
3725,9208420.390580244
3726,10107408.621529527
3727,8634031.107189566
3728,9213164.768020783
3729,9687460.968139911
3730,8631146.531835381
3731,9065782.490699409
3732,8978735.054523114
3733,8533056.488422958
3734,8413183.06523658
3735,8204795.402434379
3736,8469467.539008554
3737,8977457.745870605
3738,8850621.924356876
3739,9262291.26950281
3740,9164985.224226683
3741,10076030.64886934
3742,8798080.350485116
3743,8503133.967432307
3744,8564821.806061473
3745,8980446.701909985
3746,9293388.432887632
3747,9252978.693273934
3748,9738027.327956516
3749,9642386.272898208
3750,9581091.082503421
3751,8864534.691374509
3752,8965421.431198608
3753,8662794.494743422
3754,8453083.877791686
3755,9350900.083506664
3756,9192619.181230618
3757,9124042.57954243
3758,9224902.062970042
3759,8490157.567957157
3760,9601880.567549052
3761,9217909.972674638
3762,8791594.038648276
3763,9572776.937808864
3764,9306058.935257453
3765,9814397.64551378
3766,8988739.89966537
3767,8917733.802664883
3768,9023761.29042787
3769,8568028.392825155
3770,8618707.720995765
3771,9088862.787754484
3772,8881012.492583087
3773,9455998.260579899
3774,9053234.863435835
3775,8624659.755698191
3776,8998226.510186613
3777,8885262.853704587
3778,9661321.772743607
3779,9130986.592248065
3780,8777550.070510305
3781,8584731.286868114
3782,8773490.822910342
3783,8989839.459283113
3784,9007036.07153631
3785,10161050.03432492
3786,9456216.544659305
3787,8827513.1939109
3788,9693930.786761919
3789,9524246.434112482
3790,8794833.319731243
3791,8699256.657756716
3792,9005654.21628849
3793,9186502.324319106
3794,8533890.33560728
3795,8950285.642679572
3796,8942693.869404577
3797,8521529.551138988
3798,8524735.928269349
3799,9109777.71594251
3800,8809635.332498554
3801,8993382.398184191
3802,8504887.520138115
3803,8667154.845527092
3804,8950090.81616057
3805,8818208.060478868
3806,8379158.435525741
3807,8791377.207316637
3808,8976652.181091249
3809,8892977.159316663
3810,9070907.908243429
3811,9276694.753535558
3812,9176639.661076492
3813,9236496.415791783
3814,8943517.273291605
3815,9122820.07280219
3816,8497759.323906256
3817,8627667.102780987
3818,8850877.233041681
3819,9040760.132069794
3820,8494034.45032613
3821,8916815.644849028
3822,8857419.449351871
3823,9049634.742369791
3824,9049537.968284694
3825,8634475.70250377
3826,8711921.21143101
3827,8665131.634211417
3828,9175372.061064677
3829,8955516.604009787
3830,8897059.799014434
3831,9058368.874857895
3832,8988662.333712207
3833,8683260.811396893
3834,9056333.213057024
3835,8978082.050199414
3836,8784991.120983459
3837,9386728.866690269
3838,9453656.075373469
3839,9044661.25005607
3840,8645714.59638024
3841,8462586.6060476
3842,8958351.7793207
3843,8952925.666662883
3844,8343235.541113269
3845,9119801.700437563
3846,9480429.0
3847,8869477.809424564
3848,9253760.012180116
3849,8866984.040586818
3850,9413842.638385337
3851,8654712.573655324
3852,9020014.707889395
3853,9377363.443522507
3854,9106584.584512806
3855,9148591.401886987
3856,9076410.334786095
3857,9050393.116596058
3858,9177595.430545745
3859,9003656.308374558
3860,9559708.758195322
3861,8661675.21199942
3862,9472465.796778746
3863,9365260.844850374
3864,9080220.63070071
3865,8639966.818552312
3866,8727895.109941823
3867,9605880.023330156
3868,10069502.475744745
3869,9337456.991832577
3870,9343742.244658787
3871,8914509.067869043
3872,8722678.886432618
3873,9194777.416652469
3874,9681054.544626284
3875,9025410.861367375
3876,8417079.640420156
3877,9236625.192100268
3878,8571804.3006562
3879,8470083.273184897
3880,8425160.857373662
3881,9140839.041037766
3882,9120423.998763155
3883,8419014.354947537
3884,8523744.12217699
3885,8918688.081043176
3886,8741367.432688544
3887,9235675.711156283
3888,8680632.664696699
3889,8968868.777367102
3890,8597444.595168011
3891,8973857.803424243
3892,8922360.451366996
3893,9201639.643189382
3894,8979462.861115672
3895,8858752.654680278
3896,8900707.839852268
3897,8547213.847260892
3898,9091269.16802012
3899,8850610.19469108
3900,8993562.868634796
3901,9364196.939821348
3902,9567906.923301414
3903,9718500.487456521
3904,8730793.702153023
3905,8675560.391042793
3906,9119761.810443178
3907,8906935.933772884
3908,9384282.157842243
3909,8992012.016694024
3910,9105821.627763972
3911,9038014.453774095
3912,8898019.514903301
3913,8875510.663669286
3914,10330071.317762082
3915,8371380.881940324
3916,9457816.757267473
3917,9295307.663287733
3918,8798277.786634622
3919,9346262.880125351
3920,8930562.678871037
3921,8926382.895831002
3922,8790687.326108579
3923,8556673.10626786
3924,8749039.947237479
3925,9905679.188842582
3926,8559557.67868647
3927,9427185.983638821
3928,8892000.006126
3929,9395743.699928507
3930,8222023.982681364
3931,9492309.958277669
3932,9261438.46877819
3933,8905125.13169277
3934,9502422.187197182
3935,8918815.67152786
3936,8918072.9401807
3937,9212830.93794515
3938,8978959.077840958
3939,9157434.223398253
3940,9349361.56885786
3941,9477305.986396408
3942,9067356.089808328
3943,9139492.052347487
3944,8709538.300281335
3945,9377380.855087265
3946,8902260.87988943
3947,9209068.718801456
3948,8508119.33940682
3949,8653413.590272876
3950,9038352.72983676
3951,9370281.453712251
3952,8943645.50069726
3953,8724178.893701952
3954,9141580.521834705
3955,9176595.98223222
3956,9206161.911907617
3957,8718413.704233795
3958,8838073.611357285
3959,8991751.371742193
3960,9117406.863734642
3961,9621275.005524835
3962,8951274.705529056
3963,8937241.282741219
3964,9445757.125240292
3965,8988160.74020782
3966,8850429.39543879
3967,8922199.416534564
3968,9227022.275679056
3969,9440887.931029221
3970,8790533.07989876
3971,9378272.171106756
3972,8684323.087327138
3973,9324683.714803563
3974,9147590.420424683
3975,8807681.592353513
3976,8803390.285997706
3977,9114470.598973352
3978,9113150.059655579
3979,8363470.116940492
3980,8971367.006070115
3981,8310137.0110618435
3982,8658160.35508769
3983,8639340.564652173
3984,8597370.836159175
3985,8505870.933134578
3986,8895948.0
3987,8343994.701762748
3988,8708715.108219147
3989,9420795.64180904
3990,9319361.96373623
3991,8491360.931458581
3992,9424550.51188841
3993,9573924.826672403
3994,8507043.322820317
3995,9230713.29192731
3996,8975884.868111327
3997,9285535.819081776
3998,8682695.45640503
3999,8941109.294818442
4000,9116830.171970071
4001,9134991.057703258
4002,8391235.30457509
4003,9190377.627283484
4004,9040528.571003657
4005,9302452.456516173
4006,9263541.731116218
4007,8771697.829706637
4008,8907388.001046782
4009,8714388.261471942
4010,9061087.886923797
4011,8676416.630920628
4012,9571413.46823055
4013,9408315.425069675
4014,8544183.15502505
4015,8741529.675591748
4016,8655926.209124658
4017,10359381.736214718
4018,8950588.30719633
4019,8970879.160285356
4020,9080723.735840116
4021,8938512.30385759
4022,9706937.916403888
4023,9488848.902602857
4024,9108664.443124937
4025,8706027.516998842
4026,9775802.198489392
4027,9053701.18715195
4028,9468070.664674437
4029,9047509.095013684
4030,9160516.767834442
4031,9282972.531192116
4032,8683895.749305308
4033,8850815.597042307
4034,9122729.67961517
4035,9514054.122564372
4036,9362383.728341438
4037,8991619.018880295
4038,8778234.621373245
4039,9230701.57555369
4040,9433708.94074117
4041,8550157.99490286
4042,9099366.243015878
4043,9317276.8120081
4044,9085352.243577708
4045,8654181.454878587
4046,8928877.74092604
4047,9912114.03974414
4048,9923147.520680474
4049,8631033.782568006
4050,8923801.41168788
4051,9630617.037899112
4052,9472837.153582107
4053,8803572.3055224
4054,9790850.08251252
4055,9757468.55027914
4056,9445030.461582977
4057,9083588.983972894
4058,9323869.169505429
4059,8847188.68317856
4060,8619812.905456524
4061,8255387.093247167
4062,9385431.581496026
4063,9079708.364176372
4064,9576601.528921632
4065,9263965.25937488
4066,9112347.150360549
4067,9451992.863149058
4068,9621473.31125991
4069,9128280.248054955
4070,8785147.176778309
4071,10266061.601114748
4072,9016770.623728167
4073,9411938.61982506
4074,8684747.114366643
4075,8408925.0
4076,9010227.58004739
4077,9039217.440391133
4078,9324966.373755516
4079,9194332.679691648
4080,8957662.659874238
4081,8776056.669794735
4082,9533211.505743166
4083,9527814.004953127
4084,9421014.260236792
4085,9510649.02242985
4086,8527185.074738309
4087,9054866.684469745
4088,9334101.943130199
4089,8861873.435682053
4090,9240295.165531127
4091,8567359.631930178
4092,9095306.578354247
4093,9359808.031361982
4094,9330732.927772755
4095,8664067.606448216
4096,8954883.9937563
4097,9143454.977152735
4098,9114834.425236506
4099,8882634.56102788
4100,9104740.935210548
4101,8968173.603418378
4102,9151138.444285173
4103,9185969.747228071
4104,8760565.791572621
4105,8261956.229332567
4106,8297397.201061678
4107,8875122.953354435
4108,9301553.612976555
4109,9480403.807389183
4110,8688845.880596178
4111,8846920.645201556
4112,9411094.202755565
4113,9132408.688557126
4114,8595399.607463341
4115,9833100.39123257
4116,9292906.237229178
4117,9153217.658405574
4118,8923681.078085136
4119,9069559.042472076
4120,9191318.980672827
4121,9522277.668703988
4122,8970912.485656148
4123,9601473.000692904
4124,9227596.358259337
4125,8031996.350795158
4126,8611503.920567669
4127,9142103.39252551
4128,8801647.096932234
4129,8892575.95659543
4130,8699924.398326576
4131,9702869.227283057
4132,8618615.098480556
4133,9287209.786697121
4134,8825967.469020585
4135,8613848.490886351
4136,9367863.584849127
4137,8736014.542931074
4138,8936456.711449431
4139,9165343.24754974
4140,8906994.438209454
4141,9352971.96875209
4142,8921500.82287997
4143,8977380.697688142
4144,9596575.786093954
4145,9008468.492892006
4146,8869210.60776889
4147,8433513.131016852
4148,9294220.586577035
4149,9655000.551969022
4150,9152778.275720894
4151,8685112.408823125
4152,9623385.696755534
4153,9907304.311360398
4154,8521476.496481733
4155,8473609.002900515
4156,8855334.517253477
4157,9528942.808590302
4158,8667988.907751039
4159,8880724.777445488
4160,8529091.332454119
4161,8827002.102907324
4162,9196874.06441459
4163,9200724.678702677
4164,9506645.28726074
4165,9133941.780812243
4166,9356867.33480199
4167,8680284.547990592
4168,8826464.271270797
4169,8950032.58998366
4170,9013009.638808686
4171,8898456.83881944
4172,8685809.988562511
4173,9585335.298608253
4174,9153522.66356317
4175,8715023.764727455
4176,9621420.84723463
4177,9049731.420141913
4178,8760368.314451398
4179,8658293.205996381
4180,9484520.53432225
4181,8771353.992768738
4182,9085414.462523764
4183,8498351.969821123
4184,9401988.692248816
4185,9097862.499462025
4186,8892490.113748483
4187,9472096.251094174
4188,9711472.500020312
4189,10087737.73078015
4190,8928876.831722245
4191,8594979.15611
4192,8684177.329971725
4193,8579306.650310196
4194,8515877.128906507
4195,9198632.62475523
4196,8909840.46983834
4197,9293786.928828929
4198,8941209.763949145
4199,9545203.086660158
4200,8896372.343819058
4201,9326815.722565757
4202,8403106.002823513
4203,8879345.722000388
4204,9415520.729160044
4205,8545414.589660246
4206,8881574.717932316
4207,9170314.125308987
4208,8757263.487737283
4209,9044956.05721563
4210,8763498.883036291
4211,8577636.443293393
4212,9167381.462951306
4213,8661777.0
4214,9439322.93225994
4215,8651123.340407515
4216,8647834.105673995
4217,9798539.319831723
4218,8632075.31402907
4219,9487771.231831698
4220,10369388.920371912
4221,8898287.879821183
4222,9301413.477236507
4223,9122849.290588897
4224,8648039.726394232
4225,8496854.124301061
4226,9121418.434533296
4227,8518667.17446994
4228,9090074.83803458
4229,8812322.690898048
4230,9022110.88646868
4231,8654865.870324824
4232,9150204.715008583
4233,8822482.212432323
4234,9571711.208283164
4235,8944449.69149044
4236,8947383.370311607
4237,8709380.60533822
4238,8847845.708464406
4239,9544732.86287991
4240,9007688.589790516
4241,8860178.89619771
4242,8832888.659014437
4243,8940673.501934037
4244,9838036.640255114
4245,8510766.201422492
4246,8884977.580170924
4247,9828622.792394478
4248,10005409.395052327
4249,8421151.6789336
4250,9098810.386074945
4251,9504284.87883315
4252,8503611.516607452
4253,9774779.667627817
4254,9655452.070879428
4255,9230286.42595411
4256,9091489.175669316
4257,9353260.90800023
4258,9275770.749941278
4259,9184864.867298722
4260,9148542.404057419
4261,8992769.189048689
4262,9034701.857163684
4263,9914820.687663198
4264,9229847.739937272
4265,8705079.904956
4266,8495134.452960132
4267,8738103.36133913
4268,8289547.779376281
4269,9311288.638438713
4270,9160549.881492378
4271,8830473.833234647
4272,9202901.446661908
4273,9391801.341505166
4274,9066498.566516811
4275,8548165.447393542
4276,8886437.297837976
4277,8621917.477494199
4278,8901851.103715446
4279,9015841.27236925
4280,9197028.619877294
4281,8852724.637037303
4282,9461151.171034843
4283,9452977.112516455
4284,9420081.589588232
4285,8642529.528230032
4286,8404647.557394056
4287,8690081.861895638
4288,8988590.56828681
4289,8709928.376481237
4290,9042196.29549083
4291,8900073.917189399
4292,8849197.157149713
4293,9549822.79345904
4294,9351155.449746355
4295,9099076.459754238
4296,9539242.119439814
4297,9271233.162314907
4298,8390333.592572799
4299,8527635.742042009
4300,9305458.927317968
4301,8833087.703468353
4302,9226546.065455744
4303,8648438.114228088
4304,8608165.713631347
4305,9800466.045072215
4306,9118660.798176274
4307,9086522.677436456
4308,8586247.73308524
4309,8543648.619649295
4310,9116805.072936941
4311,8813535.913335182
4312,9588279.293010965
4313,9569569.075230429
4314,9246351.5756935
4315,9686940.114693195
4316,9252885.81426702
4317,9605918.243315196
4318,8232896.516189933
4319,8452624.788967947
4320,9298473.967590261
4321,8616241.000748986
4322,9084028.276376948
4323,8457004.183111843
4324,8900919.599082021
4325,8272411.99130311
4326,9724757.09671187
4327,8683785.448577337
4328,8927329.85490165
4329,8715108.910610124
4330,8886167.666659648
4331,9336480.41007081
4332,8689141.47527742
4333,9345392.491072243
4334,9538052.910313785
4335,9673691.80198454
4336,8938527.161685199
4337,9445822.922895724
4338,9221862.817188896
4339,8957542.184566312
4340,8865633.704099365
4341,9490905.857096039
4342,8965086.028893374
4343,8650866.684813768
4344,9447522.317726383
4345,9050689.660242515
4346,8540702.508696686
4347,9198588.196112076
4348,8484799.809131294
4349,9086205.044955602
4350,8859233.672086574
4351,9156432.437049303
4352,8991354.662336327
4353,8781097.524714144
4354,8882959.076396197
4355,8682825.05552166
4356,8522799.925371405
4357,9324864.986025898
4358,8442633.0
4359,8990117.100802047
4360,8614455.665178776
4361,9538800.139316563
4362,8414473.197764974
4363,9171478.486385081
4364,9000480.300241414
4365,8396544.239111934
4366,9443719.53499763
4367,9321242.323866168
4368,9155920.922714045
4369,8901605.02648094
4370,8616239.835616304
4371,8351960.213797022
4372,8854789.770901972
4373,8723351.218985796
4374,9053181.122723859
4375,9247470.453416253
4376,9122404.881890388
4377,9739184.309430689
4378,9524604.013668094
4379,9990917.852469468
4380,9209756.468042906
4381,8624665.134656105
4382,8742255.972693242
4383,8820686.042423284
4384,9049294.696258418
4385,8647231.191469153
4386,8973397.628105896
4387,9575318.790210424
4388,8601439.773528619
4389,8777937.728964534
4390,9214014.848438364
4391,8990608.499290898
4392,9020950.713338975
4393,8246911.780873327
4394,9106491.244045876
4395,9160930.438896455
4396,9644710.7040759
4397,9345888.252433741
4398,9825646.676060736
4399,9068733.508234186
4400,9257597.87610145
4401,9252097.364760902
4402,8180773.3444286445
4403,8046432.068681932
4404,9062406.170954546
4405,9532965.90351789
4406,9694390.547074169
4407,8531884.331737835
4408,9263196.864764538
4409,8879621.93528993
4410,9112783.637776155
4411,8984377.33918115
4412,9089713.075323412
4413,9092349.628498217
4414,9417746.16658315
4415,8708026.491513534
4416,8923772.083101299
4417,8414770.042579329
4418,8816428.324347414
4419,9359712.36857961
4420,8743198.643009469
4421,9122020.901036397
4422,9085651.917144932
4423,9362545.094774943
4424,8831046.345447645
4425,9621889.416994989
4426,9645030.193347793
4427,9161656.902129523
4428,8692853.820815854
4429,8905766.696700096
4430,9240997.777564373
4431,9093015.96917181
4432,9057264.502427915
4433,9313058.457694193
4434,8904115.602880858
4435,8501546.631648747
4436,9074562.790710796
4437,9001853.506691176
4438,9538274.146333583
4439,9396062.760684576
4440,8947626.900098128
4441,9683418.596923519
4442,8358509.910262969
4443,9204519.807444986
4444,8398341.926344298
4445,8922445.727680868
4446,8816341.319696201
4447,9469343.66226291
4448,8920190.193807824
4449,8966386.059569364
4450,8754529.585917434
4451,8984961.706248242
4452,9149620.734007929
4453,9010771.025302388
4454,9527550.716305654
4455,8590217.323145986
4456,8432420.77017118
4457,8832075.121433679
4458,9001273.670799967
4459,9196554.947729722
4460,8707870.58625659
4461,8895921.488213472
4462,8597674.336903475
4463,8468505.962506158
4464,9302535.951966561
4465,8724800.546046197
4466,9748587.262767846
4467,8934495.740291156
4468,9385613.57373983
4469,9017959.064563204
4470,9212991.954421222
4471,8315781.6500323815
4472,8894110.966340298
4473,8861909.030796975
4474,9070194.67154286
4475,8760274.598999478
4476,10440037.777785603
4477,9241187.771962063
4478,9744835.909955293
4479,9447536.169793393
4480,9812762.829803996
4481,8812490.893598875
4482,9507173.24336927
4483,9192840.800537154
4484,9324666.631837508
4485,9016770.969055744
4486,9429377.15143933
4487,8612958.951246813
4488,9084347.955008555
4489,8698070.988958817
4490,8920170.740295
4491,9136211.351164937
4492,8967975.42109323
4493,8965842.365355216
4494,8913698.015870836
4495,9222341.084032923
4496,8581830.631448641
4497,8831846.814851347
4498,8992821.06633518
4499,8800540.924028613
4500,8644651.739052555
4501,9397552.766516078
4502,9106504.707324782
4503,8932053.48121441
4504,9436174.514319824
4505,9124560.919826586
4506,9316203.147132337
4507,10067352.013245068
4508,9182570.312951824
4509,8895732.702660318
4510,9592591.911370682
4511,9052605.98816253
4512,8770213.67715765
4513,8788419.831749242
4514,9305074.472585108
4515,9275181.866329176
4516,9430091.255035896
4517,8864025.823614327
4518,9416767.60458697
4519,9210891.771569468
4520,9379529.153524911
4521,8826869.09037809
4522,8666710.404448079
4523,9070808.973984607
4524,9236101.644749712
4525,9702871.153795814
4526,8432875.3850955
4527,9599726.552771568
4528,8376126.986088097
4529,9781927.364805844
4530,9423982.95935135
4531,8674839.0
4532,9229911.646446357
4533,8350614.6789387
4534,8795518.779051403
4535,8703912.65832811
4536,9232587.659557339
4537,8805651.83313
4538,8948488.044107534
4539,9016996.882883126
4540,9075057.055672143
4541,8828905.97413183
4542,9324765.287002632
4543,9264857.474450761
4544,8769009.90457485
4545,8854004.722330265
4546,9181398.544783028
4547,9134883.816188741
4548,8996635.589994198
4549,8856617.478326188
4550,9125452.555935578
4551,8822468.168571169
4552,8868487.104467522
4553,8833987.004865566
4554,8950464.275483549
4555,8945304.186957568
4556,9350196.124232246
4557,8805521.716800408
4558,8528146.058716655
4559,8879699.914303673
4560,9416235.391863454
4561,8944997.778695956
4562,9203061.488921134
4563,9155361.165463692
4564,9114112.601753578
4565,9409904.843723679
4566,8713885.487259604
4567,9663643.805483373
4568,9542343.625672929
4569,8823323.488186533
4570,9558564.328078944
4571,9390849.538307244
4572,9237393.362704953
4573,8986486.265983675
4574,9785457.306411285
4575,8840105.471348098
4576,8834569.011186596
4577,8768081.305815984
4578,8968213.870577483
4579,8998140.840250641
4580,8940436.923131324
4581,9012853.981560495
4582,9247110.565475646
4583,9094145.603960386
4584,9543849.506034736
4585,9134916.611503366
4586,9681330.939070163
4587,8650729.88271324
4588,8939168.537092559
4589,9279608.234393131
4590,9031998.946135484
4591,8848356.608800896
4592,8843988.703297455
4593,9539879.080256501
4594,8852561.624887448
4595,8796467.060453089
4596,8951340.160181189
4597,9495003.841812948
4598,8741897.804725828
4599,8254894.438363512
4600,9107240.306772903
4601,9188615.908896256
4602,8422545.229328359
4603,9276923.461029934
4604,9109084.630458683
4605,8640067.87126685
4606,9022321.062141508
4607,9322913.804040477
4608,9412517.5805924
4609,8871377.413657792
4610,9088515.1896885
4611,8741205.7985286
4612,9099757.917745663
4613,8564898.15696861
4614,9268821.631210271
4615,9094350.589088624
4616,9308319.458924191
4617,9292198.774594793
4618,8705877.228158964
4619,9217311.240103193
4620,8740041.59007655
4621,8744458.91392454
4622,9289296.073773494
4623,8919322.022218676
4624,8350183.152878064
4625,8867960.954910392
4626,9177116.00618792
4627,9534930.839005733
4628,8815908.446081594
4629,9405214.76511677
4630,8618143.861256035
4631,8928746.788234115
4632,9485259.497685716
4633,8795233.821596993
4634,9645750.037447596
4635,9140086.69928449
4636,9548293.555852758
4637,8716685.248279816
4638,9114871.200827187
4639,9329288.817439234
4640,8326480.392600657
4641,9381660.50797919
4642,9922082.616160074
4643,8451500.126521304
4644,9118251.330566892
4645,8547444.777024584
4646,9264971.632151771
4647,8730696.633888489
4648,9514530.918860054
4649,8731657.788142888
4650,8387238.856203192
4651,9363240.581555944
4652,9579888.962415664
4653,8972615.825876482
4654,8377924.398848984
4655,9594430.40710931
4656,9660770.184846835
4657,8884411.938496005
4658,8765790.197381414
4659,9147293.301793672
4660,9965935.041850006
4661,9323435.801442906
4662,8501584.389353115
4663,9688898.03826949
4664,8877754.05820586
4665,9467114.55061979
4666,9368982.760419283
4667,8991055.419353796
4668,9470935.452607337
4669,8642499.947282236
4670,8917288.296663132
4671,9007311.451756537
4672,9851822.743637146
4673,9045757.7747468
4674,9072084.551119726
4675,8297894.447797431
4676,9092997.798774354
4677,8703440.849345649
4678,9539127.209452609
4679,8641426.23798965
4680,8643027.675779846
4681,9369639.606228665
4682,9266972.540084574
4683,10041488.412397407
4684,9174970.051977573
4685,9058271.725770975
4686,9247634.7144854
4687,9171429.042621797
4688,9680084.538223282
4689,8427433.487338584
4690,8689813.287522605
4691,8473098.09958725
4692,8800378.17546189
4693,9063000.469769096
4694,8949724.314542102
4695,9278436.96966796
4696,8926595.804291349
4697,8590827.281478006
4698,8321727.781301221
4699,8612977.860362405
4700,8867253.50515785
4701,9564367.59450492
4702,9206628.797492497
4703,8833945.482306851
4704,10406009.980355768
4705,9597487.438307077
4706,9244518.543230645
4707,8680455.490074072
4708,9066108.33228699
4709,8798152.383441487
4710,8992941.6832321
4711,9311363.311770134
4712,8803578.240154807
4713,8665109.226746889
4714,9801449.2675613
4715,9174239.738347776
4716,9042976.654283518
4717,9302525.962121096
4718,8869192.723034866
4719,8925959.412903678
4720,9085475.423856234
4721,9271611.136886984
4722,9369551.133320259
4723,10001865.952752218
4724,9049936.506575875
4725,9041026.228356205
4726,8863372.532667954
4727,8949239.49137931
4728,9284381.431282103
4729,9083467.00386284
4730,9219561.769953012
4731,9108818.242806518
4732,8836247.696252434
4733,9348245.478665989
4734,9080273.314444672
4735,8819675.44642823
4736,8908131.083026014
4737,9653217.87837009
4738,9455191.754991863
4739,10067210.302474717
4740,9568300.303822866
4741,9063722.002346741
4742,9106840.782985296
4743,8741353.334447995
4744,8810709.640152624
4745,9374035.324837247
4746,8242133.329191913
4747,8726958.652482715
4748,8675328.80744754
4749,8823587.2094405
4750,9379112.48057703
4751,8962970.420602087
4752,8668836.15755516
4753,8541146.47838405
4754,8367424.635204478
4755,8684014.490162332
4756,8909218.445205837
4757,8827711.904930847
4758,8746813.304531626
4759,8702294.68361047
4760,8415026.591485662
4761,9057700.64799228
4762,8530246.06026811
4763,8632588.59236177
4764,9626770.655526044
4765,9343465.46099257
4766,8779649.059890976
4767,8924109.026940932
4768,8907555.370995998
4769,8529948.522178583
4770,8934681.387353027
4771,9107263.168496037
4772,8476178.73116011
4773,9503288.750843368
4774,8904570.026294768
4775,9412192.137687193
4776,9846300.083588865
4777,9097411.18634354
4778,9101604.956910195
4779,8539909.43504054
4780,9191361.059235156
4781,8644412.344957922
4782,9317115.315255508
4783,8625989.084407512
4784,8881398.786646366
4785,9348725.163342547
4786,9051425.668716911
4787,9164177.012934497
4788,9476407.558423383
4789,8655269.358770229
4790,8965095.531607041
4791,8742014.266369842
4792,9048396.576915279
4793,8814826.404146153
4794,8718313.725994095
4795,8672378.142996926
4796,9151427.540630229
4797,8953580.477294024
4798,9047051.252167901
4799,8914261.90716616
4800,8680525.25630866
4801,9099307.543458117
4802,9011491.572323885
4803,8700884.750246791
4804,8892658.861273285
4805,9042407.941886136
4806,8784143.948506981
4807,8851276.690745529
4808,9001427.107991867
4809,9292155.871205095
4810,8425375.993632983
4811,9375215.676232852
4812,9210249.117035273
4813,8851889.986979466
4814,9383879.773418382
4815,8835636.754193539
4816,9078902.551063024
4817,9144715.20864759
4818,8712445.979859827
4819,8594916.910674088
4820,9089713.108572323
4821,9009390.111812549
4822,9326243.560477223
4823,8359611.590262688
4824,8995223.875073286
4825,8825835.59019552
4826,8941635.577573756
4827,8794541.606383262
4828,8782171.204070305
4829,9360272.763164584
4830,9425422.298763664
4831,9407050.08105872
4832,8570869.73057846
4833,9169833.239325516
4834,9108652.12969796
4835,9088306.52199075
4836,9051563.1026216
4837,9025068.570787465
4838,8684318.99622966
4839,9300876.282419022
4840,9293782.693200089
4841,8560364.45762393
4842,9237018.313330557
4843,8790355.565726375
4844,9063506.675487945
4845,8984371.090860683
4846,8919927.475191334
4847,8452600.822910279
4848,9192466.61548758
4849,9102889.422937274
4850,9264888.893927053
4851,9098970.09260051
4852,8610658.140377872
4853,9345168.835206894
4854,8731623.705790548
4855,8816472.276897524
4856,8532312.224881945
4857,8710200.22823413
4858,9315171.687728783
4859,9385393.06159633
4860,8600188.075779961
4861,8508742.52178629
4862,8691811.956097608
4863,8899048.484490808
4864,8642189.067982953
4865,8476803.655275362
4866,9205976.381620359
4867,9162964.665475793
4868,9762251.481062917
4869,8779567.067467112
4870,9566987.60326402
4871,9276792.318233924
4872,10371626.95046078
4873,9092753.889432563
4874,9368037.231507538
4875,8557463.802673763
4876,8952160.14067694
4877,8770112.216307148
4878,9231724.828313878
4879,9907457.987523897
4880,8930810.389835268
4881,9082395.197933607
4882,9178718.933395788
4883,8967129.725490263
4884,9353036.834354592
4885,9843414.585134817
4886,9039793.38166569
4887,9236370.267679753
4888,9388228.92492353
4889,8601128.701987017
4890,9389360.121125974
4891,8639913.41381301
4892,8943882.300516784
4893,8894590.211032687
4894,9011782.978600278
4895,8659319.655255757
4896,8801900.65598802
4897,8747831.218877107
4898,8501013.688339526
4899,8626690.511224622
4900,9640104.820999933
4901,9443487.236055309
4902,9153983.363637252
4903,9544946.94066218
4904,8824735.832832253
4905,9546441.771858769
4906,9132861.5167499
4907,9852547.218551219
4908,9822811.456753232
4909,8579423.023579277
4910,8623023.0
4911,9060587.878737608
4912,9193247.014132315
4913,9694249.397011958
4914,9080995.867615374
4915,9082306.896521263
4916,8695431.357118998
4917,8804030.38497117
4918,8469964.912577339
4919,8853103.518123811
4920,8559441.055283653
4921,9230014.495344484
4922,9496913.472897796
4923,9268031.86354689
4924,8558437.30972789
4925,8458332.036984393
4926,8392548.0
4927,8927439.384778533
4928,8796843.559635635
4929,8996427.390623262
4930,8458669.46530236
4931,8617633.515746647
4932,9725155.879151482
4933,8744359.761450423
4934,9252301.656393742
4935,9571261.30231776
4936,8896120.477193978
4937,8418344.237378556
4938,9747535.069961535
4939,8802401.95111011
4940,8960597.606246242
4941,8699625.187708298
4942,10017128.115099028
4943,8586481.899361208
4944,8832768.360498149
4945,9401254.871767076
4946,8212798.573755095
4947,9197219.993982807
4948,9132927.519007694
4949,9133663.382041305
4950,9630286.789402153
4951,9071428.359002467
4952,9775187.137627468
4953,8803487.8054593
4954,9875355.101017507
4955,8932563.73657107
4956,9541468.785567842
4957,9443061.168367993
4958,9296418.148077155
4959,8711191.056160547
4960,9036686.814050239
4961,8876825.838906275
4962,8490651.021983685
4963,8227449.390616774
4964,9852179.602566902
4965,9318907.840822656
4966,9117475.333490577
4967,9313023.194394128
4968,8803715.73596916
4969,8473240.041754013
4970,9140105.289318502
4971,8926337.992001018
4972,8967201.34056028
4973,8586685.92233181
4974,8227018.140647682
4975,8269688.442037888
4976,10109134.934609883
4977,8886010.756578002
4978,9487468.904009221
4979,8444641.22331025
4980,8473484.085152987
4981,8808863.002783522
4982,9645458.645642785
4983,8520764.142788103
4984,9008841.355310425
4985,8742006.1851429
4986,9404227.77117227
4987,8448566.902374376
4988,9384408.02734954
4989,9664431.157559114
4990,9003802.262510285
4991,8395261.117701294
4992,9086291.472942866
4993,9368882.569208616
4994,8864485.876381353
4995,9392888.4538412
4996,9432116.314097565
4997,9703457.968489172
4998,9434869.605564004
4999,9515822.180027029
5000,9119770.99393311
